NaN	1928	1932	1949.8274	1967.3068	1975.2822	1988.1366	1996.6411	2005.9589	2015.1589
NaN	5.2163	6.9806	5.2789	4.2754	3.9644	4.8680	3.9778	3.8543	3.9225
0	33.808	37.4231	36.9675	42.9751	35.6846	40.389	45.1158	41.0568	44.9862
1	28.596	35.2006	33.3905	34.4932	31.7328	34.5613	42.9474	39.0503	41.8278
2	24.8868	32.5935	30.6057	28.1079	28.8255	29.3672	40.4817	39.3562	39.8808
3	23.5455	30.2681	28.8371	23.6843	26.749	26.5478	38.5241	39.1959	39.1959
4	24.3533	30.2777	28.4675	22.4804	26.0358	25.3675	37.2225	39.2711	39.2711
5	26.307	31.2778	29.5588	22.5367	26.5827	25.9215	37.3183	39.5142	39.5142
6	28.8182	32.6241	31.3828	24.7152	28.3317	26.9635	37.8389	39.872	39.872
7	32.5602	34.77	33.1818	27.7423	30.3111	28.2945	39.9061	38.2685	41.1442
8	35.0034	36.2593	34.8377	30.165	32.8042	29.9059	41.0183	37.9741	42.7605
9	35.6439	37.4189	36.0866	32.5711	35.2854	31.6565	41.1107	38.5877	42.5272
10	36.5052	37.0593	37.8617	33.837	36.6548	33.1755	41.1952	39.0414	43.9231
11	37.7096	39.1333	39.4639	35.2464	37.6062	34.6974	40.5784	38.8273	47.9666
12	38.4437	41.4584	40.092	36.1294	38.9418	35.9263	40.6686	38.9627	47.4823
13	39.6518	42.6753	40.7094	37.5264	39.4428	37.7339	41.6531	39.3429	49.1207
14	42.0655	44.3521	41.7775	39.511	41.0168	39.9053	43.0539	40.6065	49.915
15	45.7232	44.536	43.8225	42.154	42.9098	42.0023	45.5787	43.0116	50.597
16	50.1106	50.5172	46.6698	44.8033	45.8217	43.9714	49.5601	46.0118	52.3996
17	54.8955	53.558	50.4769	47.4286	50.0611	45.7136	54.8226	50.1335	55.3981
18	58.8362	59.5268	54.7489	49.7095	53.5711	47.9495	59.5727	54.9931	57.6246
19	60.9433	64.8282	59.1069	53.0682	57.1532	50.3463	63.0595	58.7026	60.9329
20	62.4231	65.3957	62.3193	56.1206	59.8378	52.4654	65.3129	61.5585	62.8413
21	64.2651	67.2127	64.9336	59.0431	61.8254	54.4614	67.0821	63.8048	64.2756
22	66.5162	68.5977	67.1925	60.9894	63.4284	57.5069	69.9067	68.5958	65.5509
23	71.2807	68.1852	68.7807	61.7661	64.3469	63.7339	71.9526	75.113	67.2223
24	70.1412	68.8353	68.3307	61.5869	63.2492	65.5732	70.5111	72.5706	69.7009
25	69.2337	66.4106	66.3497	60.7077	61.505	63.5907	68.517	70.6909	70.6909
26	68.3037	61.0215	63.3763	58.3476	60.3032	60.8804	65.8299	69.0696	69.0696
27	66.8314	60.0193	60.9709	55.205	58.5106	58.5234	63.9905	68.1769	68.021
28	65.1932	59.4172	58.8206	52.7812	56.4128	56.1385	62.7338	66.804	66.804
29	64.7914	58.3264	57.4305	50.2832	53.6794	53.6242	60.642	64.4562	62.5188
30	62.2151	53.6676	55.7716	47.8838	50.9113	51.676	58.5502	61.9394	54.9188
31	59.4034	53.3189	53.7844	45.5556	48.4281	50.3613	55.3656	58.5157	52.2483
32	57.1532	52.0537	52.7671	44.7877	47.4065	49.2209	54.141	55.0586	51.115
33	55.5815	48.633	53.6316	43.8407	45.7711	48.1667	53.1603	48.4836	49.2723
34	53.7707	45.6114	50.8178	41.2294	43.8643	41.9871	47.5876	45.4631	47.3683
35	48.4761	43.8045	48.3893	38.8455	41.7157	40.208	46.665	43.5838	46.347
36	46.1275	39.5929	46.7186	37.1931	38.7055	39.2994	46.6038	42.7302	45.6781
37	45.8616	39.2989	47.0012	36.6315	36.4578	38.7986	46.5426	42.426	45.1365
38	45.8565	38.2324	48.4675	36.6095	37.0789	39.5088	46.4815	43.4536	45.796
39	46.4942	40.3208	48.3254	38.8372	40.757	42.469	46.2273	46.32	46.674
40	46.9125	43.346	46.8339	39.9052	42.5895	45.4653	45.1298	46.4205	47.073
41	35.9631	43.3438	45.5681	34.4747	38.9535	42.557	44.1467	43.1018	46.8364
42	37.3239	40.1204	44.313	30.8777	35.4615	42.1816	43.3024	40.0499	47.0366
43	37.8466	37.3977	36.4554	29.8098	31.095	41.9839	42.6545	37.3653	45.12
44	37.0705	32.0213	31.6861	29.0913	29.8118	40.4654	41.8896	34.2917	42.9383
45	27.085	31.7678	29.0496	39.8953	40.6573	35.4985	34.1858	40.4523	40.3962
46	29.2392	32.0146	27.019	33.8804	36.787	35.1284	34.7314	41.3676	35.5612
47	31.3947	34.0955	25.6297	31.3081	35.0689	34.739	35.5802	36.0802	34.3066
48	32.8184	32.1631	24.2405	32.0315	36.2566	34.6267	36.5492	35.2173	32.6025
49	31.9806	32.1872	22.5548	31.827	36.0315	35.0158	37.0686	32.7062	28.0716
50	30.7073	33.5346	20.9841	31.5902	35.0424	36.1818	38.1888	30.2865	25.6892
51	28.9034	34.3359	21.7024	31.3533	34.0532	36.7172	41.6763	29.6431	27.6077
52	28.0925	33.5492	23.72	31.2432	33.6632	36.4967	40.3533	30.1716	28.3485
53	27.9764	32.1705	25.8298	30.5787	33.6516	37.6825	39.7089	31.1007	29.5536
54	28.4277	32.2758	28.0784	31.2497	34.1338	41.7228	40.1997	34.1462	32.2652
55	29.7504	33.8282	30.3944	33.3179	37.2894	43.4822	42.1955	38.6923	34.9339
56	31.0982	34.9079	33.4934	35.9768	40.7389	45.1843	43.774	43.3337	36.9152
57	30.0902	33.7152	34.168	35.5932	40.0768	44.9253	43.0841	42.8143	37.1932
58	28.1456	33.3841	33.3153	34.5321	38.8319	43.5115	41.9133	41.4731	36.0205
59	27.0221	35.1513	32.8814	34.0805	41.2411	42.5516	41.4994	40.9859	36.43
60	26.2671	34.9764	32.6169	33.3672	39.3133	42.6421	41.9123	41.0161	36.7829
61	25.6153	34.401	32.8406	33.2659	35.4942	38.4754	42.7555	42.2283	35.6941
62	26.383	32.7787	33.6811	33.5757	38.5236	39.2485	43.9895	46.1403	37.5866
63	27.3988	32.1438	35.0002	34.8227	42.0505	40.2068	45.264	47.9622	39.9909
64	28.5151	32.4209	36.119	36.8072	42.1289	40.9826	47.2446	49.0245	40.5653
65	30.177	34.1193	33.9676	35.8835	44.1931	41.8424	50.1759	50.1923	38.7631
66	31.8141	38.0695	36.5149	38.0125	46.552	44.0136	51.6103	50.7094	41.0736
67	31.7054	39.2415	37.0265	38.1725	46.8322	43.8243	50.4418	48.2123	40.6157
68	31.0345	38.1058	36.577	36.7164	45.5614	43.0447	48.6659	47.5241	41.2073
69	30.3045	38.8405	36.4362	36.8218	42.5677	43.0437	47.9118	47.6883	42.6038
70	29.5744	38.5762	35.2602	36.85	40.7262	42.1063	48.6643	43.9571	40.8643
71	28.9026	36.7513	33.7034	35.7714	39.3874	40.4952	47.3263	41.661	39.3314
72	29.3652	36.1528	34.3196	35.0241	39.4104	39.5888	46.0394	41.2685	38.7503
73	29.9526	36.6033	36.2114	35.0443	39.5373	39.9682	48.1603	41.8895	38.6566
74	30.5416	36.4271	37.0586	35.3204	39.9706	41.2827	46.2435	43.9234	38.4405
75	31.1391	37.4107	37.2164	35.8506	39.7916	44.1261	44.9253	44.2239	41.4162
76	31.7482	38.8071	37.4641	34.8698	39.5938	46.9257	44.2337	43.6685	43.6577
77	32.3489	38.5078	37.6839	34.9237	39.3661	47.004	44.3404	43.1775	43.1775
78	32.2481	38.9456	37.6476	35.0574	39.101	47.1136	44.7957	41.0455	43.498
79	32.1474	37.7786	37.1584	35.1528	38.7972	46.4748	45.3716	38.3942	44.01
80	32.0467	39.0287	36.3946	34.5709	38.1721	46.1458	45.8176	37.4624	44.4036
81	31.946	37.8046	37.0228	34.3706	37.4584	46.2612	45.7206	37.1699	44.7518
82	31.8966	37.4738	37.6511	35.9063	38.2844	45.93	45.0407	37.1629	45.1608
83	31.8597	38.0849	37.2222	35.9483	39.1178	46.0899	44.9342	37.2917	45.5637
84	31.8227	39.5839	37.3504	35.9615	39.1273	46.5379	45.1954	37.53	45.8462
85	31.7857	38.1857	37.5522	35.7385	38.5426	46.852	45.6927	37.7909	46.1101
86	31.7487	37.2752	37.3811	35.4092	38.5809	46.8285	46.3721	37.7064	41.7028
87	31.7117	36.8886	36.9783	35.6501	38.3789	40.8793	47.0639	37.1687	38.9057
88	31.2138	36.8019	36.8979	35.891	38.2521	41.0332	47.4729	36.9668	39.7168
89	30.5938	38.8075	37.4413	37.4383	38.5532	41.3074	47.9378	36.9676	39.1109
90	29.9738	39.0584	37.9692	38.0414	39.2046	40.6571	48.5137	36.7812	37.9886
91	30.095	39.9264	38.009	38.3418	41.3181	40.0068	48.5306	36.7985	37.6855
92	30.4052	39.2775	37.4166	37.0443	39.2437	38.1878	47.6906	36.765	37.9071
93	30.5817	38.7126	35.2173	35.6009	37.6014	36.3001	47.031	36.6816	37.0063
94	30.7219	37.7375	33.5013	33.4017	35.8993	33.8921	46.5354	36.2292	35.2486
95	29.3163	35.3157	31.1602	31.0953	34.2395	31.3397	38.3408	35.4873	33.3016
96	28.8909	33.406	29.6777	30.9218	33.776	30.2699	37.519	35.7134	33.301
97	31.3627	35.7047	30.1227	33.0917	36.1628	31.3803	45.0117	38.7544	36.3435
98	33.6721	37.057	30.5677	34.8333	38.5496	32.9691	46.3965	40.2305	38.874
99	35.831	37.8997	31.0126	36.4791	40.8285	34.6219	48.5	40.203	40.392
100	37.1433	38.3898	31.373	37.1351	42.2661	36.5724	49.8464	40.1732	41.3353
101	38.2134	38.4308	31.6678	37.0506	41.7201	38.5051	47.227	40.1434	41.6984
102	39	39.0091	31.9626	36.9428	41.392	38.0257	44.5973	40.2378	41.3004
103	38.4171	40.0832	31.4238	37.3659	40.9288	37.5464	42.7575	41.3894	41.4694
104	37.8488	42.0141	30.7953	37.6166	40.3424	37.7192	41.6098	43.2129	41.7274
105	37.8232	43.0048	30.5429	37.5273	39.5735	37.8024	40.814	44.1172	42.0724
106	34.0428	41.7459	28.0628	35.2246	36.5626	34.4365	38.1993	42.0708	39.1903
107	34.4686	43.0122	27.8535	35.4364	38.8158	31.4523	40.1332	43.8051	39.7207
108	37.9989	46.9653	30.1863	37.8967	42.4846	31.8552	43.8622	47.5027	42.8236
109	37.8794	46.8282	30.3155	37.3028	41.848	32.5521	43.2806	47.5247	43.2953
110	35.1518	44.493	29.7049	34.6056	39.6204	32.0397	40.1538	45.7694	41.7573
111	33.2167	41.3785	30.4704	32.8799	37.6289	32.0611	38.6322	44.5539	39.9153
112	31.8003	41.9097	32.5099	31.4066	36.966	32.1457	39.4742	43.5003	39.2818
113	31.5586	41.7782	34.8284	30.5483	36.1099	31.4537	40.8342	44.082	41.6423
114	32.7579	41.431	37.543	30.5831	37.2967	30.7618	42.2605	44.3331	43.3991
115	33.7861	42.6634	39.259	30.2011	38.2003	29.8981	42.8679	43.4039	43.0529
116	35.019	42.9624	38.1657	28.8446	37.075	29.5726	43.2028	42.468	41.8632
117	35.0743	43.7259	36.0606	28.9253	33.6003	29.3968	43.7089	43.1818	41.5736
118	41.4762	47.7299	42.4779	30.6486	38.4203	33.1483	49.7491	47.0289	45.9234
119	41.7278	46.2243	44.1139	31.8661	40.6558	30.1343	48.7754	44.1673	43.8973
120	43.1297	45.2486	44.4451	38.2477	43.3032	29.1754	47.9202	42.6897	44.339
121	43.478	44.5078	44.038	37.6994	41.5034	31.3371	47.065	41.2122	44.1962
122	41.7189	43.2012	43.3787	36.3018	39.0484	32.8179	46.6396	39.7705	42.6135
123	39.66	42.8513	42.5212	35.3713	38.5394	34.3692	46.4338	38.7339	42.2569
124	37.2675	43.6755	41.061	33.9693	39.3285	35.1011	46.228	38.1121	42.2542
125	34.7528	43.2967	39.3615	31.8664	39.5736	33.6628	44.7404	36.9438	40.5215
126	36.7053	44.3303	40.6865	33.7158	42.0126	34.6336	46.9742	37.8793	42.6959
127	40.4474	46.2284	43.0455	37.0193	44.1392	35.8246	48.2521	39.9731	45.453
128	41.8576	48.4259	43.9899	38.0379	44.7938	35.0402	48.3006	39.8692	45.4709
129	38.5738	44.2436	41.7667	36.5783	41.7333	31.8717	44.8352	37.5441	43.5964
130	36.1047	41.3906	36.5694	35.1421	38.7381	31.6207	44.3155	37.0698	44.3583
131	38.4095	44.6354	36.3614	36.3465	40.3805	35.5589	45.6971	40.3764	48.0323
132	38.0613	42.4426	36.1533	34.7638	39.5376	38.0219	45.1616	42.2204	48.6478
133	37.1609	39.7327	35.9427	31.8462	36.6961	37.2894	43.1427	41.9017	46.89
134	34.2744	35.3361	35.3813	29.4292	33.0219	34.9298	41.7564	40.6034	44.6874
135	31.8596	36.0421	35.7984	28.9265	32.98	33.489	41.0886	41.2188	42.8666
136	36.9863	42.7352	37.2454	31.7394	34.4368	38.1588	43.3389	44.7909	46.9238
137	39.4448	44.3233	36.5753	29.0131	32.7724	39.5607	42.6563	43.7625	49.8893
138	42.1114	46.3057	38.5893	26.4884	34.5906	39.8932	43.6983	42.7733	50.7976
139	43.3141	45.487	40.4984	31.6758	35.5927	39.5038	44.4028	42.7219	50.45
140	38.8736	45.0574	42.403	38.5376	36.8374	38.4547	43.5958	42.4373	50.1516
141	29.3063	45.0673	43.9913	41.3619	37.8486	37.2912	43.0985	42.443	50.118
142	31.1645	44.6616	43.7459	41.542	36.8815	36.0697	43.803	42.4333	50.1643
143	33.3521	43.7069	41.3679	39.2352	35.2979	32.5506	44.0134	41.3629	50.3928
144	35.0355	44.8535	39.9825	38.3869	34.6055	31.5288	44.2924	40.4355	51.6392
145	37.7292	45.8118	39.7845	37.7058	34.9969	31.0704	45.2291	40.2568	54.7932
146	36.9608	46.2064	39.5934	36.1288	35.1362	29.995	45.5689	40.0122	56.1243
147	35.2331	44.2779	39.3502	35.0324	34.1453	29.4384	46.1161	40.9736	53.3458
148	33.1471	40.4312	36.7898	31.9523	31.9977	29.9144	49.01	46.6081	48.3652
149	32.7784	35.8871	35.6021	30.7255	32.3288	33.631	46.6013	45.5568	45.5568
150	31.9506	34.2593	36.7673	31.7076	34.0307	39.1944	47.5283	46.1899	46.1899
151	27.9039	34.2046	36.738	31.3663	33.9322	43.4892	47.8254	46.2944	46.2944
152	25.2934	34.3158	36.2766	30.4174	33.312	41.95	47.6031	46.1933	46.1933
153	24.4198	35.8089	35.5963	29.1341	32.8189	41.3619	47.2261	45.335	45.335
154	24.6523	38.9542	34.916	28.2789	33.3476	40.9334	47.2211	45.0434	45.0434
155	25.0127	40.6018	34.0228	28.9593	39.3008	40.9103	47.2279	45.0544	45.0544
156	25.3731	41.4594	33.3312	31.203	42.7598	41.4637	47.118	45.1606	45.1606
157	25.7335	40.3523	33.4006	33.0361	42.9594	36.9645	47.2305	44.6461	44.6461
158	26.1247	40.0738	33.3802	32.4888	33.1849	34.0406	47.3436	44.8253	44.8253
159	27.0653	40.6453	33.8198	31.6427	32.7887	35.6273	48.0876	42.4665	44.6204
160	28.9247	42.5132	35.4389	32.5179	35.4077	38.531	50.7578	41.834	46.4501
161	27.7697	39.8405	32.7399	26.4131	31.4269	37.8004	48.5002	38.0273	46.8662
162	32.9106	43.5502	35.8735	28.5821	33.8299	47.7711	49.0834	39.2414	50.2041
163	35.0354	43.4228	37.3868	32.099	37.0194	47.8757	48.5732	41.4604	48.8838
164	35.0414	40.2763	36.9055	31.1837	38.2983	44.3907	46.1426	44.9602	44.9602
165	33.0393	38.5942	35.0892	28.6882	35.3338	35.4698	37.7103	37.6006	43.3613
166	30.733	35.9061	32.0223	28.6089	33.5062	32.3245	34.2709	33.6882	43.2354
167	28.257	33.9463	30.2418	28.509	32.6712	31.5135	34.2674	33.3009	43.7436
168	26.2765	34.5878	29.692	29.9857	32.3564	32.5414	34.9706	33.2404	44.5612
169	26.8319	35.4585	29.5966	31.1002	31.8566	33.8715	35.6738	33.7727	44.6718
170	28.2765	35.6047	29.9078	31.1683	32.5066	34.2986	36.4097	34.6561	45.2779
171	28.9624	34.6919	29.7065	31.6849	32.0168	34.7586	36.4623	35.4595	45.8146
172	28.9919	32.0989	30.0269	31.6374	32.1587	34.0481	36.057	36.0194	46.1715
173	28.3344	32.6936	30.1442	31.1969	32.3262	33.1203	35.8363	35.7123	46.2178
174	27.6769	34.0668	29.7183	30.7257	32.0343	33.3056	35.614	35.7222	46.969
175	27.2962	37.284	29.7109	30.5603	31.9424	34.072	35.9886	35.9846	48.1223
176	28.2241	39.2915	30.1922	31.0469	32.7137	35.2318	36.9549	37.1565	49.4219
177	31.2806	39.5566	31.7627	32.462	34.4378	37.1663	39.254	39.605	52.2747
178	34.6263	39.2587	34.1788	35.4454	37.7718	39.5347	43.2202	42.345	55.7312
179	37.9694	40.7386	36.7777	39.2205	42.0381	42.5063	46.1177	44.2438	58.3236
180	41.4195	41.7523	39.3907	40.7861	45.2315	43.1233	47.9433	44.6711	60.9633
181	45.0262	44.4117	39.8603	41.1268	46.6773	44.0032	49.9402	46.5986	61.3314
182	49.0531	48.3189	40.031	41.9874	47.0831	45.8435	51.8687	49.8841	60.7583
183	48.8256	49.2806	40.1208	42.4468	45.469	47.1649	52.682	52.8567	61.7869
184	47.7528	48.8003	40.2575	42.9266	45.0092	46.8843	52.9335	52.7939	60.9727
185	46.9548	49.8013	40.7043	43.4631	45.0092	46.9669	52.7576	51.1731	59.4654
186	47.3816	47.4926	41.895	43.5608	44.4576	47.5383	51.2321	50.3341	59.5675
187	45.9725	42.952	40.2914	42.0318	42.9033	45.7966	51.8808	49.4165	57.3087
188	44.8959	43.5671	41.0532	42.251	44.9946	45.7752	54.2844	50.4289	56.5831
189	46.0137	46.048	43.7477	42.8398	49.1042	46.4427	55.6158	52.2117	56.6509
190	46.5565	48.4066	46.0337	44.0538	53.4167	46.9754	56.4121	53.9545	56.7158
191	47.0904	50.4287	48.249	44.5573	57.3717	46.5634	56.3277	55.615	55.9009
192	47.5727	51.7133	50.3676	43.9128	55.7515	45.4439	52.6657	55.4786	53.7087
193	48.0023	52.5365	49.8536	42.4619	58.0871	44.3076	49.2775	53.3103	51.5445
194	49.5613	56.4051	49.5176	42.4177	53.6022	44.9966	48.2355	52.2776	52.1375
195	54.6089	62.9964	54.1039	46.6956	55.5593	49.0928	52.9318	54.1331	57.1127
196	58.2509	68.0716	57.4623	50.2833	56.8653	51.2702	57.2721	56.0288	60.2756
197	60.4156	70.7588	59.3211	52.3846	58.1153	52.0078	59.1901	57.8786	61.4252
198	62.0103	68.7843	59.9965	52.2653	59.4238	53.2538	61.1015	59.5528	61.2238
199	62.5433	66.9882	60.1762	51.5861	60.1174	54.1189	62.6972	60.656	60.3852
200	62.4153	66.1559	60.595	51.7434	59.2824	53.9453	63.0049	61.3202	59.4881
201	62.3494	65.0024	60.0042	50.9495	57.5368	53.0867	61.7366	61.1245	58.5807
202	61.1633	64.5371	59.1452	51.0046	56.0017	52.1227	59.1917	59.1393	57.4398
203	59.2361	61.6245	58.2734	51.4141	55.0746	51.0546	59.3187	56.9587	56.1845
204	57.309	60.6731	60.9022	51.246	52.9512	50.5029	70.14	64.6266	54.3932
205	62.1533	59.266	63.5894	54.2189	51.0016	49.6551	65.8603	64.2721	51.3813
206	59.8171	54.3769	59.7035	59.0288	56.6813	46.6022	61.856	60.0834	47.7286
