NaN	1928	1932	1949.8274	1967.3068	1975.2822	1988.1366	1996.6411	2005.9589	2015.158904
NaN	3.1953	NaN	3.2965	2.7702	2.2608	2.5881	2.2841	2.0617	2.1865
0	45.9864	NaN	50.4043	46.0118	46.3225	45.5247	45.1158	45.1254	45.1254
1	43.4591	NaN	47.0626	44.854	42.5096	42.1096	42.9474	41.7582	41.7582
2	40.516	NaN	43.278	42.0941	39.483	39.1132	40.4817	39.8815	39.8815
3	34.8065	NaN	40.6951	39.8914	37.0242	36.7473	38.5241	39.1959	39.1959
4	34.6477	NaN	39.26	38.6558	35.3921	36.3897	37.2225	39.2711	39.2711
5	35.3477	NaN	39.2971	39.2354	35.7916	37.2963	37.3183	39.5142	39.5142
6	42.6102	NaN	41.2313	40.4248	37.9807	38.6711	37.8389	39.872	39.872
7	43.5732	NaN	44.2223	42.1542	40.7738	40.6907	39.9061	41.1442	41.1442
8	43.2843	NaN	43.7283	44.3702	43.1823	42.4179	41.7617	43.8092	42.7896
9	44.3378	NaN	43.2883	46.2731	45.1784	44.3012	43.3761	45.7052	42.6153
10	45.5736	NaN	45.502	48.115	46.9071	46.1593	44.9905	47.3824	44.0076
11	46.0673	NaN	48.3586	49.1914	47.2155	46.8695	45.8518	47.9666	47.9666
12	46.5609	NaN	49.0634	49.6899	47.9603	47.7132	46.5498	47.4823	47.4823
13	47.2476	NaN	48.0513	50.6239	48.9566	48.1246	47.1041	49.1207	49.1207
14	48.0161	NaN	48.4254	51.8649	50.4554	48.2235	47.477	49.9559	49.9559
15	51.5671	NaN	52.6966	54.365	52.4541	49.3073	49.2975	50.5926	50.5926
16	56.6301	NaN	59.4972	59.4787	56.9781	53.4734	54.6792	55.1582	55.1582
17	60.2461	NaN	64.4837	62.8345	62.0695	60.3784	61.3553	61.5561	60.8846
18	64.6253	NaN	69.7294	68.2712	67.0046	66.2973	66.8077	67.5065	65.1753
19	68.91	NaN	72.655	71.6474	70.876	71.0382	70.2623	70.797	70.797
20	71.8282	NaN	73.8772	73.3645	72.7758	71.7616	72.149	73.1067	73.0224
21	72.817	NaN	74.6834	74.624	73.7383	72.5122	73.4929	74.3451	74.3435
22	73.413	NaN	76.6753	75.736	74.6805	74.5442	74.0788	75.3982	75.3982
23	71.6095	NaN	76.2045	75.6988	73.5236	74.3206	71.9526	75.113	75.113
24	70.1412	NaN	74.0031	74.4838	71.7028	70.8103	70.5111	72.5706	72.5706
25	69.2337	NaN	72.4596	72.8611	69.1423	68.8117	68.517	70.6909	70.6909
26	68.3037	NaN	70.4427	70.854	66.7473	66.6975	65.8299	69.0696	69.0696
27	66.8314	NaN	68.397	68.9991	64.1139	64.9882	63.9905	68.1769	68.1769
28	65.1932	NaN	67.1269	67.2288	62.9323	63.1402	62.7338	66.804	66.804
29	64.7914	NaN	65.4554	64.8477	62.2665	61.0373	60.642	64.4562	64.4562
30	62.2151	NaN	63.0089	62.4666	61.2997	58.9341	58.5502	61.9394	61.9394
31	59.4034	NaN	60.0177	60.0855	59.8576	56.8783	55.3656	58.5157	58.5157
32	57.1532	NaN	56.8008	56.8765	57.1615	55.0472	54.141	55.3618	55.3618
33	55.5815	NaN	53.6316	51.911	54.6797	54.4464	53.1603	53.4042	53.4042
34	53.7707	NaN	50.8178	48.6395	52.3189	48.55	47.5876	52.0303	52.0303
35	48.4761	NaN	48.3893	46.2462	50.2015	47.0907	46.665	50.9832	50.9832
36	46.1275	NaN	46.7186	43.4566	48.7687	46.0472	46.6038	49.5342	49.5342
37	45.8616	NaN	47.0012	41.9587	47.336	45.0038	46.5426	48.2187	48.2187
38	45.8565	NaN	48.4675	43.0584	46.0711	44.8276	46.4815	47.5786	47.5786
39	46.4942	NaN	48.3254	44.0442	46.7306	44.9891	46.2273	46.8816	46.8816
40	46.9125	NaN	46.8339	43.062	47.3317	45.4653	45.1298	47.0592	47.0592
41	47.0757	NaN	45.5681	40.456	46.0492	42.557	44.1467	46.8364	46.8364
42	46.9637	NaN	44.313	39.3752	43.9598	42.1816	43.3024	47.0482	47.0482
43	46.5816	NaN	42.856	38.2944	41.8704	41.9839	42.6545	45.1801	45.1801
44	43.9964	NaN	38.166	35.3114	38.4203	40.4654	41.8896	43.1179	43.1179
45	34.8286	NaN	46.1507	41.3907	40.6573	40.1692	40.1254	40.4523	40.4523
46	38.7294	NaN	44.7914	42.6982	42.1634	42.7859	41.3345	41.9021	41.9021
47	42.7894	NaN	43.0297	45.8136	46.4831	46.9481	45.3167	45.5382	45.5382
48	44.1798	NaN	41.4331	45.8433	45.9899	47.5202	45.5525	45.4216	45.4216
49	42.6915	NaN	39.6166	44.7033	44.9645	45.9554	44.2794	44.2551	44.2551
50	40.3983	NaN	37.8422	43.6212	43.9807	44.3413	42.9993	43.0224	43.0224
51	38.6393	NaN	36.2427	42.4786	42.457	43.3226	41.6763	41.4814	41.4814
52	37.456	NaN	35.976	40.9961	40.5412	42.1521	40.3533	39.9404	39.9404
53	36.8013	NaN	37.6531	40.0928	39.4174	40.8799	39.7089	39.1299	39.1299
54	36.7878	NaN	40.7202	41.0519	40.7059	41.7228	40.1997	39.416	39.416
55	38.2863	NaN	42.5212	42.4442	42.3017	43.4822	42.1955	41.1673	41.1673
56	40.3457	NaN	44.408	44.224	44.1063	45.1843	43.774	43.3337	43.3337
57	39.504	NaN	43.7745	43.3882	43.4923	44.9253	43.0841	42.8143	42.8143
58	38.0068	NaN	42.3026	42.3868	41.7809	43.5115	41.9133	41.4731	41.4731
59	36.797	NaN	41.078	41.8278	41.2411	42.5516	41.4994	40.9859	40.9859
60	36.2429	NaN	41.5153	41.8375	41.4851	42.6421	41.9123	41.0161	41.0161
61	36.5345	NaN	41.1077	41.8404	41.955	42.9913	42.7555	42.2283	42.2283
62	37.1039	NaN	41.0325	42.8405	42.0864	47.8199	43.9895	46.1403	46.1403
63	38.2235	NaN	41.4313	44.3304	42.0505	48.509	45.264	47.9622	47.9622
64	39.6805	NaN	41.9759	46.4	42.1289	48.3096	47.2446	49.0245	49.0245
65	41.2571	NaN	42.588	46.5101	44.1931	49.8899	50.1759	50.1923	50.1923
66	43.08	NaN	46.0812	46.7266	46.552	51.7801	51.6103	50.7094	51.3416
67	42.9636	NaN	45.3864	45.3583	46.8322	51.5795	50.4418	48.2123	49.4088
68	42.7677	NaN	43.6279	43.6504	46.8586	51.2735	48.6659	47.5241	48.5897
69	42.9061	NaN	47.0967	43.5554	47.1939	50.5281	47.9118	47.6883	47.8501
70	41.6707	NaN	46.5565	44.3808	47.3456	47.7934	48.6643	47.0531	47.0531
71	40.7944	NaN	46.501	45.0346	46.4721	47.3713	47.3263	46.2436	46.2436
72	40.5616	NaN	45.3166	46.2425	46.6557	52.4064	51.762	54.3525	54.3525
73	41.6268	NaN	44.6748	46.852	48.3181	49.1413	48.1603	48.9022	48.9022
74	42.7366	NaN	46.3523	45.5535	46.8475	47.2584	46.2435	45.99	45.99
75	43.2371	NaN	45.2218	45.3511	45.4784	46.7136	44.9253	44.2239	44.2239
76	44.1003	NaN	44.5215	45.0403	45.4148	46.9257	44.2337	43.6685	43.6685
77	44.6067	NaN	44.7196	45.3325	45.7792	47.004	44.3404	43.1775	43.1775
78	44.1183	NaN	45.1158	45.6087	45.999	47.1136	44.7957	43.498	43.498
79	43.7674	NaN	45.5783	45.8785	45.2967	46.4748	45.3716	44.01	44.01
80	43.7677	NaN	45.8928	45.6633	45.0529	46.1458	45.8176	44.4036	44.4036
81	43.8726	NaN	45.8546	44.9678	45.3037	46.2612	45.7206	44.7518	44.7518
82	44.2149	NaN	45.8165	44.8987	45.5485	45.93	45.0407	45.1608	45.1608
83	44.7677	NaN	46.1228	45.4998	45.7791	46.0899	44.9342	45.5637	45.5637
84	45.1771	NaN	46.6938	45.9932	45.9988	46.5379	45.1954	45.8462	45.8462
85	45.4465	NaN	47.2647	46.2289	46.1703	46.852	45.6927	46.1101	46.1101
86	45.0486	NaN	46.8056	46.5391	46.7347	46.8285	46.3721	46.3538	46.3538
87	44.5074	NaN	46.3375	46.8473	47.8573	49.894	47.0639	47.5995	46.4414
88	44.0908	NaN	46.0153	47.1352	48.1036	49.6366	47.4729	47.9824	46.8242
89	43.652	NaN	45.744	47.1964	48.2205	47.8681	47.9378	47.7079	47.543
90	43.9747	NaN	46.3827	47.7403	48.6423	48.7167	48.5137	48.484	48.484
91	45.3545	NaN	47.0728	48.4645	49.2367	49.0007	48.5306	48.2633	48.2633
92	45.3008	NaN	46.4561	46.8572	46.9175	47.7627	47.6906	47.5356	47.5356
93	44.9038	NaN	45.2503	45.7889	45.5322	46.787	47.031	46.4643	46.4643
94	44.3033	NaN	44.1002	46.3982	44.7292	46.3192	47.3105	46.8562	46.8562
95	43.3898	NaN	41.8945	47.4598	43.1628	45.2603	47.2844	47.0025	47.0025
96	42.2536	NaN	40.5142	47.1705	41.8543	44.5846	47.1013	45.6473	45.6473
97	44.4049	NaN	41.9205	46.0957	45.0933	45.1629	45.0117	45.7283	43.9977
98	46.6469	NaN	44.5508	47.7628	46.9771	45.9957	46.3965	48.6109	45.8508
99	48.6635	NaN	46.9994	50.1723	49.7453	49.1144	48.5	50.8306	48.671
100	49.6058	NaN	48.229	50.9661	50.7711	51.2748	49.8464	49.5849	49.5205
101	49.8504	NaN	48.7654	51.5194	51.0253	51.8373	50.5813	50.9555	50.0486
102	50.3423	NaN	47.9213	52.0854	51.7546	51.6651	51.3238	51.4999	50.5773
103	50.2181	NaN	48.7389	52.5732	53.0345	51.0669	51.9104	51.8637	51.0898
104	50.0459	NaN	49.9469	53.517	51.6264	50.2344	51.3358	52.0646	51.4224
105	50.1679	NaN	50.4576	54.1263	51.6917	51.386	51.4063	52.232	51.5898
106	48.5614	NaN	47.0951	51.3593	50.1081	50.314	50.7801	48.9205	48.5054
107	49.1803	NaN	48.2061	51.0718	52.6482	54.7463	54.7595	56.9812	53.9891
108	51.2405	NaN	50.7664	55.4484	59.2824	63.4977	60.009	59.9187	57.6548
109	50.6687	NaN	50.8109	55.3657	59.7739	63.2841	58.7365	58.9055	56.714
110	48.1803	NaN	50.1433	54.0771	61.0727	59.9331	60.2709	62.4783	55.877
111	46.8098	NaN	48.6222	52.0873	58.0467	58.0459	60.2092	57.581	55.0638
112	45.5184	NaN	46.4164	51.4253	54.0665	56.7484	58.9647	54.867	54.867
113	44.6128	NaN	47.7363	51.4054	55.0261	60.8769	57.8545	57.3073	55.0441
114	46.8814	NaN	50.9096	52.3741	56.7883	61.1909	58.7983	59.5693	55.7028
115	51.4756	NaN	53.2655	53.6908	56.9613	60.7265	59.5049	60.3969	55.9643
116	49.2024	NaN	55.039	55.5149	54.9079	59.6806	60.1763	60.6288	56.1103
117	46.9677	NaN	57.1527	57.573	53.5009	59.5213	61.0213	60.5491	60.2885
118	51.1739	NaN	61.7436	61.2543	58.5178	62.513	65.1775	65.0362	64.956
119	50.2896	NaN	58.0037	59.1367	57.7185	58.1742	60.5729	60.3342	60.3342
120	52.6422	NaN	58.5841	59.3863	57.8649	58.0569	58.1616	57.8588	57.8588
121	53.3832	NaN	59.2164	58.1974	57.8378	60.8643	57.3402	57.2895	57.2895
122	52.977	NaN	58.3242	56.1202	56.3172	56.7385	55.8798	56.72	56.72
123	52.777	NaN	57.6962	55.0243	55.6312	57.0319	55.4311	55.9729	55.9729
124	52.8658	NaN	57.0682	54.9809	55.3807	57.511	55.7897	55.6227	55.6227
125	51.2052	NaN	56.4513	55.7154	55.2234	56.685	55.4209	55.1036	55.1036
126	53.1542	NaN	58.0164	59.2545	57.7093	57.7241	58.5246	57.599	57.599
127	55.9476	NaN	60.5012	61.9608	59.2707	59.3116	61.0738	59.144	58.7673
128	56.8661	NaN	61.8558	62.4368	60.4754	60.1453	62.4159	59.4679	58.6757
129	55.6673	NaN	58.6487	60.2479	58.8885	58.5927	61.0137	58.2756	57.7006
130	52.7366	NaN	54.6444	50.0773	55.0552	54.4255	60.0998	50.4631	52.692
131	54.138	NaN	57.7075	50.9187	56.1022	53.1303	61.5706	51.8032	57.6809
132	53.7597	NaN	57.5564	51.0947	55.1544	53.4308	60.5319	52.7851	58.8342
133	51.8587	NaN	56.5076	51.2706	55.5051	53.3154	58.9338	53.767	58.312
134	49.3777	NaN	52.5994	50.5084	52.1593	53.2195	57.4537	55.7841	57.1405
135	47.9809	NaN	48.2441	51.8217	52.9568	56.9729	57.2839	58.9755	58.2501
136	53.5508	NaN	55.7266	55.4732	55.7097	62.6643	61.5537	63.077	63.2267
137	56.4307	NaN	59.013	64.8036	58.6722	65.0405	68.6479	60.978	65.7701
138	59.4044	NaN	62.0937	73.222	65.878	71.1301	70.6002	71.7363	70.0655
139	62.0543	NaN	65.0347	75.9833	69.9347	71.5445	70.6421	74.3629	74.7424
140	62.0907	NaN	68.6008	73.621	68.3856	70.6976	70.5589	71.7822	71.7822
141	60.6286	NaN	65.2082	69.0542	65.9114	67.4559	68.5584	68.1007	68.1007
142	58.0525	NaN	60.8256	64.6226	62.5948	63.015	64.3897	61.5225	61.5225
143	55.4312	NaN	59.5483	59.921	59.8033	59.8415	60.1762	59.589	59.589
144	53.8242	NaN	57.1734	58.2295	58.4284	58.4948	58.5373	58.09	58.09
145	53.3546	NaN	56.6239	57.3141	57.405	57.0849	57.3066	57.4554	57.4554
146	52.4272	NaN	56.4897	56.2498	56.0611	55.8063	56.515	56.1243	56.1243
147	50.188	NaN	53.1067	53.6026	53.1229	52.8186	53.818	53.3458	53.3458
148	48.0929	NaN	49.3535	49.8704	48.9465	48.8427	49.01	48.3652	48.3652
149	48.21	NaN	47.2513	47.6693	46.9355	46.551	46.6013	45.5568	45.5568
150	46.8093	NaN	47.6649	48.136	47.185	44.6858	47.5283	46.1899	46.1899
151	43.8917	NaN	47.4263	47.5084	46.9354	43.4892	47.8254	46.2944	46.2944
152	41.4612	NaN	46.1252	46.6905	44.9375	41.95	47.6031	46.1933	46.1933
153	40.6434	NaN	45.7428	46.0332	44.0104	41.3619	47.2261	45.335	45.335
154	40.7955	NaN	45.5087	45.526	43.412	40.9334	47.2211	45.0434	45.0434
155	41.7461	NaN	45.2363	45.3686	42.9558	40.9103	47.2279	45.0544	45.0544
156	42.9122	NaN	46.8847	45.1878	42.7598	41.4637	47.118	45.1606	45.1606
157	43.5452	NaN	48.195	44.9786	42.9594	41.9344	47.2305	44.6461	44.6461
158	43.598	NaN	49.0324	44.9526	43.577	41.0177	47.3436	44.8253	44.8253
159	43.9409	NaN	47.5298	46.2464	44.7445	42.9852	48.0876	44.6204	44.6204
160	45.4706	NaN	49.6179	48.6842	47.4238	47.1395	50.7578	46.4501	46.4501
161	42.6693	NaN	48.1137	48.687	47.6537	47.9394	48.5002	46.8662	46.8662
162	47.3253	NaN	51.128	51.3612	49.7938	48.8708	49.0834	50.2041	50.2041
163	47.9541	NaN	52.4571	49.8478	49.316	47.8757	48.5732	48.8838	48.8838
164	46.5876	NaN	49.676	45.5249	46.0511	44.3907	46.1426	44.9602	44.9602
165	45.0824	NaN	47.3313	43.5756	44.7214	42.6439	44.4726	43.3613	43.3613
166	42.1689	NaN	46.1741	42.6927	43.9582	43.1193	44.2828	43.2354	43.2354
167	40.759	NaN	45.8773	42.798	44.0732	44.0131	45.0492	43.7436	43.7436
168	40.7241	NaN	45.0993	43.3938	44.5529	44.5182	45.0505	44.5612	44.5612
169	41.1804	NaN	42.818	43.613	45.1722	44.0171	45.0478	44.6718	44.6718
170	41.3276	NaN	46.6272	43.9247	45.5548	43.6613	45.3206	45.2779	45.2779
171	42.6189	NaN	46.086	44.342	45.8575	43.958	45.8896	45.8146	45.8146
172	44.1936	NaN	43.6887	45.7136	46.1601	44.1554	46.4916	46.1715	46.1715
173	45.3912	NaN	43.9109	46.6243	46.5055	46.0041	47.0846	46.2178	46.2178
174	44.6384	NaN	45.77	46.6867	46.909	47.3509	47.5947	46.969	46.969
175	44.3609	NaN	46.6552	47.3724	48.0738	49.051	48.189	48.1223	48.1223
176	45.7066	NaN	47.2992	49.4167	49.6646	51.4065	49.6805	49.4219	49.4219
177	48.747	NaN	48.7702	52.1865	52.6205	53.5092	52.5455	52.2747	52.2747
178	53.5795	NaN	50.7418	55.605	57.0135	56.1576	56.0951	55.7312	55.7312
179	56.3922	NaN	52.7555	59.0305	59.1843	58.5265	59.0213	58.3743	58.3743
180	59.1016	NaN	54.4741	59.7569	60.5628	60.9257	61.8152	61.1592	61.1592
181	62.6748	NaN	55.9266	61.6499	64.4228	63.6452	63.8665	63.3017	63.3017
182	62.5933	NaN	58.6636	64.3039	66.7634	66.7012	66.7076	67.7753	67.7753
183	64.4262	NaN	63.1976	68.8794	66.2874	68.6618	68.5184	69.6211	69.6211
184	72.9209	NaN	67.8345	72.6704	72.4281	70.5898	72.5573	72.4789	72.4789
185	62.5714	NaN	62.5405	64.9251	66.1485	68.3699	68.5965	69.8174	69.8426
186	59.791	NaN	58.1919	64.1147	64.7387	66.7542	68.2873	69.8548	69.7827
187	57.5578	NaN	56.1272	61.4718	61.9822	63.5113	66.4915	67.7677	68.2727
188	57.2019	NaN	55.8824	61.3471	61.8314	62.7283	65.1199	66.6905	66.6905
189	58.5942	NaN	57.91	63.2197	63.5723	65.7709	68.1376	70.2211	70.2211
190	59.6782	NaN	60.0959	64.6089	65.5934	65.8472	67.9971	69.8409	69.8409
191	60.7526	NaN	62.7714	64.495	65.4723	64.1417	64.8903	63.9063	63.9063
192	61.7005	NaN	63.645	63.9536	64.3843	62.5941	64.6451	63.2988	63.2988
193	61.4088	NaN	62.9812	63.5312	63.6584	61.5344	63.1717	61.8992	61.8992
194	63.9487	NaN	64.8417	65.5572	65.981	64.3882	65.5383	64.5328	64.5328
195	69.4032	NaN	71.15	71.9278	73.0911	71.7173	72.8921	72.1076	72.1076
196	73.6993	NaN	75.6781	75.8065	78.1596	76.6457	78.6418	78.3538	78.3538
197	75.2004	NaN	77.8417	77.246	79.5122	76.5967	80.8998	81.6154	81.6154
198	76.3308	NaN	78.3883	79.0855	80.6934	77.7351	81.6301	83.2308	83.2308
199	77.8185	NaN	78.2885	79.6767	81.1713	85.9091	83.2511	84.2409	85.8787
200	78.0897	NaN	82.7319	81.3491	81.2001	85.0728	85.6356	83.7699	86.378
201	76.7259	NaN	81.8709	80.2917	80.0448	81.7651	81.5312	80.8976	80.645
202	74.318	NaN	78.4275	78.1305	78.6596	79.2517	79.1684	78.5508	78.5508
203	74.7074	NaN	75.2587	75.0324	76.9792	75.0362	74.6327	75.7541	77.1836
204	69.6866	NaN	69.0238	70.9319	72.2779	70.9108	70.14	70.2164	73.8322
205	63.8283	NaN	63.5894	63.1882	66.4129	64.6286	65.8603	64.2721	68.2479
206	59.8171	NaN	59.7035	59.0288	61.1746	59.9123	61.856	60.0834	64.8644
