NaN	1928	1932	1950.4137	1967.5452	1975.2301	1982.9288	1989.1260	1993.8466	2005.9589	2011.0301
NaN	7.8933	12.6235	7.8524	7.7741	7.1807	7.8342	7.4414	8.1364	7.1893	7.1739
0	72.2902	68.3184	71.9484	71.0651	67.3528	NaN	74.5085	55.4376	65.4747	75.1349
1	78.6454	79.2146	78.9754	72.8546	72.2719	NaN	80.4127	56.4667	68.7995	77.1534
2	85.0096	89.4312	83.9341	75.056	73.5619	NaN	85.8239	55.6871	69.1416	77.9906
3	92.101	96.302	84.4107	75.5525	71.2541	NaN	89.0006	52.8943	67.8314	80.342
4	96.1598	98.8808	80.7179	74.0818	67.3106	NaN	89.0415	46.7803	64.3854	79.9243
5	110.518	122.665	82.7942	77.9292	73.7395	NaN	88.2554	47.2154	64.6993	82.6736
6	115.584	132.328	88.023	80.1465	81.2255	NaN	91.9882	51.7082	69.2789	83.8377
7	116.733	138.129	92.8709	82.3638	84.8328	NaN	95.7211	53.0772	73.0613	82.5777
8	115.723	143.139	95.1499	84.2908	87.3323	NaN	98.6117	54.3155	76.8437	81.7692
9	114.258	142.77	96.7996	85.4428	89.1672	NaN	100.709	55.1363	80.5497	93.3517
10	111.867	140.847	98.3329	86.1436	87.8321	NaN	101.757	55.5249	82.9034	101.474
11	109.4	140.514	99.8661	86.8444	86.4045	NaN	102.701	55.6637	84.1459	105.458
12	106.933	138.622	101.227	87.4821	86.0217	NaN	102.87	55.5605	84.1832	104.674
13	104.422	137.091	101.964	88.1164	86.2958	NaN	102.914	55.4573	83.7874	101.828
14	101.702	134.544	102.584	88.3303	88.0921	NaN	102.25	55.3542	82.8122	97.1917
15	98.9821	133.044	102.723	88.6474	89.3157	NaN	101.447	55.251	81.7318	94.4199
16	96.2622	130.64	101.47	89.4789	89.0732	NaN	100.35	55.1478	80.4566	92.0152
17	93.5421	128.102	100.217	90.3105	85.3828	NaN	98.8616	55.0446	78.7485	90.5323
18	90.8118	121.893	98.9646	91.142	80.6436	NaN	97.3224	54.9414	76.4138	89.3494
19	88.0814	118.717	97.7118	91.9736	82.4191	NaN	95.7832	54.8383	74.0791	87.0137
20	85.628	120.291	96.459	92.6908	85.6714	NaN	93.9603	54.7351	71.2107	80.478
21	83.2915	120.382	95.2062	93.3334	86.7579	NaN	91.4593	54.4706	68.1253	71.6704
22	80.9549	118.5	93.9534	94.2164	83.7263	NaN	88.6192	53.9621	64.9502	68.3302
23	77.8504	114.799	92.7006	94.6382	80.3884	NaN	84.3789	53.4535	61.2783	66.3166
24	74.7041	111.305	91.4478	93.9763	78.0797	NaN	80.0014	52.945	57.7755	63.9034
25	71.5578	111.347	89.9324	93.3145	75.8342	NaN	77.3687	52.4365	54.9265	60.7375
26	68.4115	108.413	87.7627	92.0657	73.8126	NaN	77.0509	51.4547	52.6912	57.1293
27	65.2652	106.803	85.5604	89.7074	71.3777	NaN	77.2131	50.4317	50.4957	53.2491
28	62.1337	103.374	83.3684	86.2846	67.6815	NaN	74.775	49.4136	49.5545	49.1212
29	75.7494	NaN	72.1244	81.7737	48.7958	NaN	NaN	55.7826	58.7074	64.6193
30	77.0721	NaN	72.7363	81.6372	52.9059	NaN	NaN	58.9835	61.7069	65.266
31	79.0921	NaN	73.9868	88.1908	57.6683	NaN	NaN	62.1844	64.8129	66.0248
32	81.0841	NaN	74.7066	90.7351	62.9962	NaN	NaN	64.5018	67.7983	66.2379
33	82.2572	NaN	75.0407	91.7026	67.6476	NaN	NaN	66.4656	70.4884	66.649
34	82.8048	NaN	75.1035	92.3984	70.3832	NaN	NaN	67.2007	71.2921	70.054
35	79.6731	NaN	74.4022	88.4923	69.5567	NaN	NaN	66.9544	70.0846	68.5636
36	75.2425	NaN	74.9707	84.0587	64.7717	NaN	NaN	65.7306	69.0627	55.2791
37	80.7049	NaN	78.3052	88.6812	80.1224	NaN	NaN	64.6715	70.168	55.1694
38	85.2159	NaN	79.5264	88.9684	77.7778	NaN	NaN	67.8454	72.9034	58.2733
39	79.0757	NaN	77.2108	88.4457	69.638	NaN	NaN	71.8593	76.4755	56.9745
40	79.1248	NaN	74.125	87.8709	74.1704	NaN	NaN	71.7938	76.1444	58.7505
41	77.1637	NaN	67.9521	83.0249	70.0644	NaN	NaN	69.5149	72.0299	76.8241
42	71.4357	NaN	61.5601	72.7419	62.1082	69.3987	NaN	60.8626	66.8746	69.9694
43	65.5771	NaN	54.2822	58.2196	53.5284	63.8672	NaN	45.7838	60.2918	65.9231
44	61.8879	NaN	40.5596	52.4046	47.0677	61.2099	NaN	42.5977	52.8986	65.3394
45	67.5008	NaN	37.3137	53.5687	47.3139	64.1396	NaN	41.5613	61.1373	68.3737
46	71.6443	NaN	39.7017	58.8202	49.4672	68.2205	NaN	42.2888	65.2608	71.8912
47	73.5098	NaN	46.9388	63.8005	48.7674	71.048	NaN	43.4141	67.6788	75.0979
48	83.5061	91.5331	53.8571	68.6586	48.1016	74.6928	69.5152	44.491	70.4178	81.0877
49	86.1113	97.8033	59.7943	72.9842	49.6133	76.843	71.8468	45.5368	71.2432	81.7244
50	85.3495	105.055	64.9105	76.8903	51.6469	78.1222	73.9787	46.5825	70.7368	79.3674
51	82.8542	108.262	68.0626	80.5174	53.791	78.1732	75.6559	46.9943	69.9221	76.7958
52	79.8705	108.981	70.5742	83.6785	56.8443	78.6301	77.0675	47.009	69.1075	76.333
53	76.9738	108.447	72.9591	85.8338	60.2942	79.2171	77.9067	47.0237	68.2929	77.06
54	76.4126	107.525	75.0599	87.7906	63.744	79.4016	78.2236	47.3001	67.7318	77.6028
55	78.4956	105.291	77.075	89.8897	67.0481	79.0729	78.1523	47.9119	67.8114	78.2192
56	80.4981	104.312	77.9846	91.5673	69.9603	78.5518	78.6	48.7552	68.9489	78.9699
57	81.4078	103.314	78.9462	91.9488	72.6638	77.3421	79.0478	49.5985	74.7191	78.208
58	80.1141	101.05	79.3084	92.2195	74.5944	77.4893	78.9195	50.4418	83.1529	76.5498
59	78.4627	97.0445	79.6706	92.6092	77.2998	78.6163	75.7406	51.285	86.8275	73.184
60	77.2992	95.5838	79.7674	92.9861	80.0306	81.3388	72.554	52.1283	84.0603	72.4482
61	78.3994	95.9714	82.1144	93.8639	82.7613	85.5644	73.3532	53.6455	79.7225	78.9272
62	83.9638	98.211	88.0218	95.9404	85.1157	90.8632	76.559	58.9135	83.8447	91.137
63	90.2254	99.9914	94.501	100.887	87.1588	98.1944	81.4174	64.2416	94.5871	96.4865
64	94.2324	104.892	101.238	107.007	89.8267	105.921	87.8524	69.6444	99.7975	99.6933
65	97.576	117.155	108.362	113.106	93.6488	109.688	95.0488	75.0749	103.698	103.405
66	100.919	122.961	114.67	117.418	97.5558	111.727	98.2284	80.6129	107.352	105.888
67	103.456	126.696	115.719	119.995	101.463	113.66	99.7881	85.3971	111.102	114.72
68	104.726	128.887	116.674	121.963	105.37	115.501	101.282	89.8445	114.918	117.794
69	105.996	129.804	117.873	123.531	108.653	116.994	103.251	94.5324	118.11	122.768
70	108.421	130.397	119.029	124.827	111.835	118.449	105.59	99.2035	121.303	125.625
71	111.276	130.266	119.88	125.104	114.264	119.453	107.737	101.923	124.151	126.506
72	114.293	130.683	120.415	125.38	115.722	119.648	109.813	103.451	126.329	127.398
73	117.403	132.889	120.758	125.392	116.025	119.504	111.52	104.98	127.447	128.112
74	120.961	132.969	121.16	125.347	116.077	119.141	111.318	106.435	126.805	127.779
75	125.205	130.786	121.631	125.192	116.129	118.791	108.325	107.207	122.798	127.335
76	128.756	128.901	122.006	124.728	116.107	118.519	107.429	107.979	106.86	126.537
77	130.517	127.007	122.023	123.933	116.021	117.959	110.795	108.751	101.35	125.363
78	129.347	126.42	118.067	122.258	115.089	117.067	114.686	109.289	100.029	124.189
79	127.349	125.864	113.841	120.291	112.643	116.004	109.765	109.77	100.337	124.396
80	125.845	125.914	112.638	117.287	109.279	114.452	103.813	110.251	101.389	127.732
81	124.525	127.67	112.37	114.109	108.534	114.861	100.323	110.516	104.508	125.713
82	123.249	129.185	112.879	112.598	108.627	115.5	99.8994	110.583	109.018	121.043
83	122.595	129.229	115.106	112.786	107.429	115.582	101.772	110.65	112.364	114.992
84	127.979	128.579	116.381	112.667	105.954	115.681	103.411	110.487	115.168	116.665
85	130.734	122.134	114.105	110.946	104.479	114.495	101.885	109.267	117.291	117.175
86	122.852	113.589	111.114	107.943	103.004	112.172	97.2257	108.037	118.886	111.432
87	113.24	108.535	106.357	103.003	101.28	108.775	92.6704	106.804	117.007	100.84
88	107.159	106.75	102.407	98.0578	98.2066	106.23	87.8979	105.015	111.15	83.7532
89	107.693	107.062	100.607	94.8648	95.1452	103.848	84.2735	103.08	105.27	82.3138
90	107.313	108.469	99.3217	94.0996	92.0838	100.858	83.0076	100.386	98.9439	97.1161
91	105.735	106.59	98.1906	93.2077	89.0223	97.8945	83.2256	97.21	92.0659	99.5303
92	102.11	105.023	97.0048	91.4649	85.6022	95.0443	83.8641	93.414	86.4915	93.6098
93	96.5725	98.5377	93.0163	88.9101	80.8132	91.3674	83.3243	88.4472	83.3839	86.8878
94	89.3116	93.0585	88.2778	85.2212	74.983	87.7444	80.1702	83.4804	82.1383	77.9662
95	81.6354	86.307	79.5377	79.0262	68.0522	83.0068	73.7641	78.2823	81.483	70.174
96	75.0722	80.8196	68.3134	71.3685	61.165	76.1193	66.6546	72.9277	77.499	67.5394
97	74.3041	76.6177	64.3101	65.2008	56.2144	68.5885	59.2226	67.4993	72.1386	65.1867
98	70.8625	69.5191	62.0559	59.7559	51.4911	63.4808	52.1965	61.854	66.2005	56.8241
99	64.9419	62.6676	56.4628	54.6938	46.7717	59.2082	44.8448	56.5597	59.5855	47.6711
100	55.6945	58.8687	50.5262	50.0832	42.5501	54.091	38.1203	51.6562	52.565	40.7176
101	54.4145	56.9171	45.9505	45.8123	38.5994	50.8739	32.5005	46.7514	54.8613	39.8238
102	55.7587	53.8257	42.1691	43.5867	34.6799	47.0134	28.1602	41.9244	53.3909	41.2679
103	25.6668	34.6646	25.4853	29.422	25.9268	28.8186	20.2964	23.6078	23.8244	26.5219
104	29.0327	41.764	36.4214	38.7089	33.2401	38.4602	29.2393	35.5188	32.5301	31.36
105	41.23	49.4364	47.5678	53.7485	49.7987	49.5658	41.873	46.2248	43.1464	51.7931
106	53.4566	52.9946	55.6282	59.9332	62.161	62.258	51.5903	56.6697	54.8963	61.7175
107	54.9523	55.9688	57.6695	60.9924	61.9316	62.652	53.2916	58.8337	59.2594	59.9321
108	50.1035	53.4575	55.8537	59.8371	54.4705	57.7467	48.6736	51.9723	51.568	52.3841
