NaN	1928	1932	1950.4137	1967.5452	1975.2301	1982.9288	1989.1260	1993.8466	2005.9589	2011.0301
NaN	3.0410	NaN	2.9332	3.7114	2.2137	3.8009	2.9061	4.3900	2.2415	2.1918
0	98.1848	NaN	94.0076	92.2178	97.075	NaN	95.9667	89.6247	93.6786	93.8891
1	109.199	NaN	105.453	98.9248	108.289	NaN	106.282	102.923	102.829	102.107
2	114.821	NaN	116.178	102.993	117.348	NaN	116.029	111.697	108.791	107.033
3	118.522	NaN	123.195	106.929	122.541	NaN	124.245	117.258	113.243	112.737
4	121.454	NaN	127.44	110.4	126.532	NaN	127.234	119.164	114.489	116.973
5	139.984	NaN	152.199	125.418	141.829	NaN	NaN	136.709	138.51	138.531
6	147.086	NaN	159.259	132.043	148.462	NaN	NaN	143.201	145.981	145.844
7	151.864	NaN	164.412	138.168	151.517	NaN	NaN	148.726	148.255	148.432
8	158.334	NaN	167.15	140.173	153.209	NaN	NaN	151.122	149.875	142.037
9	163.498	NaN	167.689	141.869	154.118	NaN	NaN	151.468	150.523	138.199
10	165.447	NaN	168.42	143.708	152.84	NaN	NaN	150.725	150.878	137.2
11	165.933	NaN	168.115	143.362	151.569	NaN	NaN	147.721	150.288	136.696
12	165.525	NaN	166.421	142.318	149.706	NaN	NaN	145.375	148.098	136.148
13	164.14	NaN	164.081	139.787	146.905	NaN	NaN	144.044	144.466	133.658
14	161.681	NaN	160.723	138.048	143.685	NaN	NaN	142.685	138.501	131.113
15	158.152	NaN	156.216	135.219	141.649	NaN	141.735	140.064	131.796	128.115
16	154.302	NaN	151.535	132.282	137.854	NaN	136.597	135.983	128.777	125.118
17	150.131	NaN	147.375	129.822	133.754	NaN	131.127	131.295	125.957	122.477
18	145.29	NaN	144.269	127.381	132.113	NaN	127.76	128.473	123.973	120.581
19	140.352	NaN	140.206	126.015	129.507	NaN	125.322	126.65	123.057	119.067
20	137.555	NaN	136.369	123.674	127.109	NaN	124.335	125.46	121.953	117.581
21	135.989	NaN	134.322	120.585	125.311	NaN	123.224	124.56	120.703	115.073
22	134.237	NaN	132.276	118.022	124.15	NaN	122.093	123.646	119.664	112.948
23	131.891	NaN	130.04	116.271	122.607	NaN	121.261	122.688	118.753	113.812
24	128.906	NaN	127.952	114.043	120.817	NaN	120.071	121.687	117.801	116.96
25	126.485	NaN	125.821	111.674	118.961	NaN	119.21	120.833	115.19	111.854
26	124.05	NaN	123.69	109.596	116.617	NaN	119.19	119.323	111.709	107.969
27	121.354	NaN	121.507	108.596	114.572	NaN	118.313	118.253	108.463	106.229
28	118.266	NaN	118.701	108.109	112.869	NaN	114.56	114.735	106.011	105.177
29	102.044	NaN	82.3295	87.8134	89.3238	NaN	NaN	83.7281	85.5456	88.8594
30	103.001	NaN	86.9969	93.7993	94.7409	NaN	NaN	94.4123	91.6077	94.1674
31	103.204	NaN	90.4032	96.4591	97.9028	NaN	NaN	97.1932	97.0698	97.0531
32	101.839	NaN	92.1696	97.9858	99.7638	NaN	NaN	97.8664	98.4799	98.43
33	101.088	NaN	94.7898	99.279	100.386	NaN	NaN	98.1901	98.3058	98.658
34	101.535	NaN	95.7656	102.018	101.217	NaN	NaN	98.6574	97.72	97.7907
35	99.0003	NaN	95.7542	100.38	99.0864	NaN	NaN	98.4068	96.2134	96.1361
36	96.2932	NaN	95.9652	96.5014	94.8657	NaN	NaN	96.0423	94.6032	94.8503
37	94.2061	NaN	95.9046	97.5581	95.0782	NaN	NaN	95.1983	94.2253	94.8052
38	94.248	NaN	95.5524	98.1459	98.1232	NaN	NaN	97.9255	97.0804	96.9837
39	94.9068	NaN	93.9382	100.792	99.5974	NaN	NaN	98.5322	97.0557	97.8526
40	94.1299	NaN	90.6885	104.023	98.4307	NaN	NaN	96.8948	99.6064	99.4695
41	91.3743	NaN	86.7244	94.6232	92.4447	NaN	NaN	92.1919	94.6217	92.8396
42	85.7672	NaN	85.2401	91.0089	89.6263	84.1148	NaN	88.3142	88.3285	87.5978
43	80.627	NaN	85.0055	89.0095	86.7814	81.5316	NaN	84.7029	84.486	84.5775
44	79.2911	NaN	84.3589	86.5412	84.9082	79.6848	NaN	82.0316	83.4901	83.6934
45	82.4827	NaN	86.0656	87.1876	87.2081	80.7538	NaN	84.4602	86.5706	86.1771
46	87.4395	NaN	92.6358	92.2579	92.2285	84.8491	NaN	88.7648	91.3893	89.5405
47	93.6826	NaN	99.9737	99.3192	98.4618	93.7931	NaN	94.5301	97.7837	97.1395
48	102.409	NaN	105.513	105.183	106.634	100.685	107.091	101.447	104.42	103.899
49	112.214	NaN	115.212	111	111.701	107.407	111.311	107.755	108.376	108.512
50	119.218	NaN	120.313	115.173	115.639	111.385	114.186	112.741	111.67	111.372
51	120.697	NaN	121.553	117.017	117.641	112.377	116.525	115.363	113.275	112.087
52	119.667	NaN	122.283	117.808	116.616	112.965	116.362	115.617	112.936	112.802
53	119.236	NaN	123.112	118.098	114.395	112.456	115.345	114.454	111.337	111.33
54	120.211	NaN	123.805	115.63	112.228	112.148	114.017	113.14	112.306	112.734
55	121.435	NaN	120.298	114.429	112.365	112.202	113.674	111.44	113.762	114.491
56	120.9	NaN	118.009	114.304	112.896	112.697	113.778	109.38	114.448	115.213
57	118.521	NaN	122.261	113.674	113.435	113.628	114.493	108.093	114.086	113.979
58	115.105	NaN	124.362	113.416	114.745	113.979	114.847	107.958	111.961	112.588
59	112.417	NaN	116.517	112.532	118.114	113.394	114.502	107.736	110.866	112.473
60	112.478	NaN	111.297	114.727	120.404	115.849	114.538	108.117	111.84	113.52
61	113.798	NaN	114.715	116.79	119.749	115.148	115.321	110.1	113.984	114.795
62	116.389	NaN	121.242	121.355	121.911	118.144	117.718	114.657	118.081	118.011
63	121.172	NaN	131.626	126.593	125.871	121.761	122.875	119.708	123.578	124.495
64	128.61	NaN	137.84	132.137	131.607	127.325	128.904	124.429	130.319	132.007
65	133.81	NaN	138.575	137.082	135.402	133.155	134.611	129.106	135.039	137.256
66	136.428	NaN	140.95	140.202	138.345	136.024	137.593	133.724	137.466	140.456
67	138.147	NaN	147.361	143.174	142.035	137.804	139.308	137.333	139.005	142.443
68	140.384	NaN	148.513	145.569	146.174	140.963	141.317	138.844	142.105	144.532
69	142.674	NaN	145.946	146.245	149.324	142.666	143.457	141.302	145.424	147.444
70	144.913	NaN	149.701	147.706	148.741	144.148	145.705	143.653	148.755	149.192
71	146.838	NaN	151.835	148.878	150.482	145.338	147.992	144.523	152.443	151.277
72	148.29	NaN	151.844	149.14	151.455	146.249	150.006	145.149	151.21	151.979
73	149.874	NaN	151.919	147.867	151.13	147.118	151.57	145.8	149.727	150.826
74	151.359	NaN	153.171	148.455	151.234	147.786	149.527	145.783	150.067	150.415
75	151.518	NaN	153.527	148.832	150.92	148.388	148.285	145.539	150.498	149.983
76	150.472	NaN	154.085	148.712	153.463	149.055	151.965	145.337	150.72	149.458
77	149.357	NaN	153.155	147.83	151.907	148.806	153.955	144.862	150.246	148.58
78	148.041	NaN	148.979	144.416	150.066	147.867	151.41	143.126	147.232	147.679
79	146.637	NaN	148.601	143.813	148.518	145.361	149.537	141.818	145.38	146.61
80	146.017	NaN	150.879	144.947	147.399	143.471	148.193	142.115	146.447	145.931
81	145.438	NaN	151.267	144.499	146.745	139.382	146.837	141.756	146.006	145.466
82	145.695	NaN	149.908	143.482	146.586	139.316	147.647	140.131	145.192	145.023
83	147.914	NaN	148.687	143.613	146.654	139.494	148.11	140.246	144.291	144.586
84	149.241	NaN	148.828	143.746	146.058	139.696	148.365	139.707	144.192	143.713
85	147.311	NaN	147.156	141.714	141.883	138.587	147.958	137.385	142.761	142.741
86	139.649	NaN	143.457	136.814	138.446	135.123	144.391	132.483	140.211	139.459
87	131.337	NaN	139.563	132.735	134.765	130.659	139.667	128.459	137.14	134.838
88	125.956	NaN	134.399	131.077	131.712	127.67	135.16	126.059	135.049	130.528
89	122.841	NaN	129.604	129.791	130.255	122.233	131.558	123.845	133.888	128.428
90	121.811	NaN	127.226	127.529	128.153	118.872	127.151	122.412	132.925	127.14
91	121.368	NaN	127.461	125.311	125.893	120.701	124.044	120.687	130.482	126.215
92	119.42	NaN	126.197	122.477	123.722	120.613	120.402	119.267	126.654	124.028
93	114.281	NaN	121.61	116.976	118.986	114.315	114.872	113.823	120.658	119.122
94	106.938	NaN	111.954	111.642	114.416	108.407	109.668	107.405	113.601	112.215
95	97.4892	NaN	104.939	105.074	106.932	103.517	106.661	100.952	106.736	105.087
96	88.4673	NaN	100.513	98.2906	99.166	97.5262	102.442	95.2204	99.6941	98.4239
97	82.5703	NaN	96.3843	94.5019	94.2588	93.8815	98.7952	92.1937	94.5009	93.555
98	76.9704	NaN	91.8274	90.0833	90.8821	93.528	95.034	89.2292	90.7964	90.5791
99	72.9766	NaN	86.4643	85.5605	85.9154	84.5555	86.5922	84.7243	87.4208	85.6741
100	71.5862	NaN	81.5849	81.4952	80.5643	78.9806	79.8092	79.5168	83.6905	81.3061
101	71.8093	NaN	78.9192	76.716	77.6456	75.4609	75.0676	74.3644	79.2068	77.0677
102	71.7997	NaN	78.3174	75.4288	77.5683	77.1299	75.161	72.524	74.277	76.6118
103	56.4631	NaN	59.0967	40.6279	40.8854	40.4965	39.834	39.9518	40.7008	40.3301
104	65.1248	NaN	65.2919	49.1725	50.2341	50.5094	49.3508	49.9098	49.6888	50.8662
105	68.8796	NaN	72.5135	61.4415	61.6511	61.7156	63.8401	63.0579	64.682	64.7507
106	70.895	NaN	78.207	72.5423	76.7003	72.5523	70.7624	72.1113	76.0724	74.467
107	69.959	NaN	80.8067	74.5863	80.9191	77.327	72.9775	73.8528	77.1129	77.6182
108	67.5686	NaN	76.5064	72.0157	74.0772	74.8017	70.4469	70.6142	73.0544	73.1533
