NaN	1928	1932	1949.8274	1967.3068	1967.3068	1975.2822	1988.1366	1996.6411	1996.6411	1996.6411	2005.9589	2015.2740	2021.4123
NaN	5.2163	6.9806	5.2789	4.2754	4.1623	3.9644	4.8680	3.9778	3.9708	4.1711	3.8543	3.9021	3.8250
0	46.2468	44.7747	34.3732	35.3782	NaN	29.8556	29.9338	44.1717	NaN	NaN	36.5402	36.2711	35.9725
1	57.8509	47.8359	33.6563	35.6013	NaN	30.5502	30.2432	45.5933	NaN	NaN	37.4514	37.9892	40.0981
2	53.5305	48.4076	33.1719	34.7141	NaN	29.8493	29.5025	43.1081	NaN	NaN	37.1998	41.4376	42.5918
3	51.9396	48.8921	34.1991	35.64	NaN	30.5214	29.5352	40.3034	NaN	NaN	39.2091	43.1031	41.7517
4	52.2591	51.5093	37.909	38.5698	NaN	33.3829	32.2751	39.0956	NaN	NaN	41.5764	45.9251	43.4291
5	50.6086	52.0128	37.721	37.203	NaN	33.1394	31.8425	36.6993	NaN	NaN	40.9567	43.1754	43.2869
6	46.3905	48.5428	35.0206	32.2799	NaN	28.4688	27.819	32.9483	NaN	NaN	36.0603	36.0232	39.2685
7	44.8135	46.642	32.7722	31.2808	NaN	27.7894	25.5538	31.0561	NaN	NaN	32.7792	34.2204	36.6840
8	45.4358	46.0032	32.8046	30.4181	NaN	28.1592	24.041	32.9222	NaN	NaN	31.5018	33.1353	34.3721
9	37.4312	34.4016	35.9715	34.5961	NaN	33.1157	29.1373	NaN	31.9931	NaN	34.9217	32.0371	33.2669
10	40.6759	37.667	36.7324	36.0097	NaN	34.8841	30.9261	NaN	33.3714	NaN	35.332	31.2427	33.3982
11	43.9205	42.0965	36.8612	36.7564	NaN	35.8902	31.4384	NaN	33.6874	NaN	36.3984	31.6877	35.3309
12	47.1652	45.7621	36.5598	37.7279	NaN	34.7396	30.8264	NaN	33.4935	NaN	36.8421	32.1196	34.2460
13	49.0409	47.6351	37.1011	39.4902	NaN	34.7845	30.8513	NaN	33.8542	NaN	35.5024	32.3146	34.4301
14	45.1458	48.4725	39.451	42.0298	NaN	35.5457	30.6893	NaN	34.61	NaN	34.2974	33.097	37.3116
15	45.5179	47.6165	40.0636	42.044	NaN	37.0851	30.5273	NaN	35.3809	NaN	34.3532	35.5691	36.9999
16	55.2139	49.2553	39.5117	38.4784	NaN	38.2616	29.3596	NaN	35.5058	NaN	34.5134	37.0157	35.7237
17	53.341	50.5677	38.1389	34.6336	NaN	35.7704	26.7661	NaN	34.6254	NaN	34.6062	35.919	36.4565
18	51.4682	53.9474	37.2919	33.7685	NaN	33.1047	25.8637	NaN	32.4633	NaN	34.6682	35.7974	36.3156
19	58.6538	51.0795	36.1124	37.335	NaN	36.5125	26.9432	NaN	31.9353	NaN	30.4889	35.8234	36.2804
20	53.7734	50.2043	37.1368	38.3868	NaN	37.7592	29.8633	NaN	38.2094	NaN	37.862	37.3741	47.5373
21	51.7814	47.749	38.1612	39.4385	NaN	39.0059	34.8566	NaN	40.377	NaN	40.5352	44.3382	44.6161
22	51.5696	50.3593	39.1856	40.4903	NaN	40.2527	35.9799	NaN	41.6458	NaN	41.8191	44.4139	44.5697
23	50.7551	54.0038	40.21	41.5421	NaN	41.4994	36.1384	NaN	41.688	NaN	41.2902	43.6635	44.2244
24	53.7016	55.6731	45.4798	48.5995	NaN	47.5111	44.2849	NaN	47.8204	NaN	49.0792	53.1874	51.9765
25	53.3314	58.1381	46.2893	48.048	NaN	47.0772	45.4806	NaN	48.3892	NaN	48.3579	51.0846	49.8311
26	54.9516	59.6492	47.8146	48.6061	NaN	48.5984	46.7592	NaN	49.8636	NaN	49.3385	52.5721	51.3637
27	53.0029	60.1186	48.3555	48.3878	NaN	47.5797	47.2145	NaN	50.3522	NaN	49.4908	48.7192	48.3485
28	60.7531	63.5046	46.4484	45.7958	NaN	46.1582	43.7219	NaN	46.5131	NaN	46.8096	47.165	48.3122
29	57.3192	63.8301	45.3356	40.2163	NaN	43.1693	41.322	NaN	44.0302	NaN	42.9333	43.1519	43.7930
30	56.7005	64.2639	47.1379	41.3465	NaN	42.6881	40.2124	NaN	44.1726	NaN	42.6836	42.1315	42.4866
31	57.0213	65.407	49.4327	NaN	44.997	41.4488	40.267	NaN	46.4913	NaN	41.1202	44.0052	44.5592
32	55.1801	64.3797	50.3591	NaN	44.2134	41.76	41.0273	NaN	45.0398	NaN	42.455	43.1785	44.2447
33	56.4594	63.3934	49.8936	NaN	43.2507	39.8865	41.7462	NaN	44.4131	NaN	40.8322	40.9134	42.1436
34	59.1071	57.8062	48.5909	NaN	43.078	42.613	42.4318	NaN	47.7116	NaN	43.3835	45.8544	48.0681
35	59.2379	56.3006	47.0826	NaN	42.8072	42.0253	42.4922	NaN	47.2362	NaN	42.8625	43.6163	44.9069
36	59.7264	54.2394	53.1146	NaN	43.4582	42.4971	41.4708	NaN	44.2028	NaN	41.9025	42.7372	43.4818
37	47.9911	48.9293	47.2159	NaN	45.1927	44.0196	41.9029	NaN	44.3628	NaN	42.5382	43.5821	44.2173
38	46.5289	46.3809	47.9876	NaN	44.2386	44.8691	42.7563	NaN	44.7237	NaN	42.4182	42.8859	43.9901
39	47.107	46.2056	49.4183	NaN	44.6137	45.4871	43.746	NaN	45.3697	NaN	42.4914	43.4968	45.3403
40	47.8539	48.67	51.3864	NaN	45.3214	46.8042	45.347	NaN	46.3383	NaN	46.9791	46.996	49.4474
41	47.3454	48.2456	54.2658	NaN	45.4764	46.674	45.8478	NaN	46.0683	NaN	49.4158	46.4596	49.8333
42	46.3414	44.2886	56.1914	NaN	44.9519	46.5914	44.1207	NaN	45.0914	NaN	45.9682	45.7925	45.7288
43	47.0153	43.3338	59.2381	NaN	44.9019	45.8195	43.8216	NaN	44.9594	NaN	44.7872	44.9539	44.1576
44	49.4345	45.2457	57.0611	NaN	44.8275	45.135	43.5775	NaN	44.5785	NaN	44.3275	43.4406	42.9052
45	51.1697	52.7113	57.5394	NaN	45.076	46.8766	43.16	NaN	45.3998	NaN	43.5156	45.7622	46.6615
46	51.5018	56.556	58.0074	NaN	46.406	47.5368	42.664	NaN	45.8137	NaN	42.7656	45.3738	45.4390
47	51.9392	59.8566	57.4092	NaN	47.1057	47.0166	41.9385	NaN	45.6818	NaN	42.0002	43.8437	44.4822
48	52.55	60.1219	56.0677	NaN	46.5697	45.2324	41.0497	NaN	45.2377	NaN	41.4134	41.7352	42.6650
49	51.857	60.3082	54.5339	NaN	44.7783	45.1438	41.1401	NaN	45.3972	NaN	41.8977	39.8932	43.0891
50	49.8232	58.9178	46.4302	NaN	46.1461	46.7383	41.4041	NaN	47.0797	NaN	44.3363	41.3047	46.3020
51	47.8826	56.0633	46.354	NaN	42.8789	44.5874	41.7604	NaN	44.7169	NaN	43.4155	42.0395	42.9356
52	47.3708	53.8749	48.5437	NaN	44.0697	47.2298	44.5596	NaN	46.2874	NaN	46.7475	48.0102	48.1801
53	48.971	53.539	58.6036	NaN	44.3148	47.0321	44.0542	NaN	46.4193	NaN	46.1397	47.1946	47.5387
54	50.832	56.2742	59.2267	NaN	44.5033	46.2505	42.7465	NaN	46.6549	NaN	45.255	46.1056	46.9920
55	55.2186	56.9066	54.1574	NaN	43.7936	45.3083	41.503	NaN	45.1372	NaN	44.1588	44.9669	45.8271
56	59.8476	58.2456	51.834	NaN	43.3607	44.9921	41.403	NaN	45.5682	NaN	43.1171	44.2566	44.6131
57	42.7332	46.5884	62.9208	NaN	59.5817	63.2013	58.5454	NaN	61.411	NaN	58.8699	61.4713	62.3504
58	42.6019	47.4008	67.9516	NaN	63.8828	65.8595	60.024	NaN	63.535	NaN	61.2007	64.4504	64.2701
59	43.4172	48.3874	68.4761	NaN	63.7124	66.7318	61.0412	NaN	63.9302	NaN	61.5293	64.4016	65.8026
60	43.0369	48.4951	69.0335	NaN	60.9874	66.7752	61.6658	NaN	64.1749	NaN	62.588	64.4522	63.5509
61	42.4447	48.9079	69.5979	NaN	59.81	64.7527	62.3824	NaN	63.8977	NaN	65.0441	65.5839	65.5682
62	42.6054	49.6008	70.2623	NaN	59.8958	64.1845	63.285	NaN	63.7799	NaN	64.7715	64.0395	64.1506
63	43.0648	51.2486	71.0603	NaN	61.6031	65.1127	64.379	NaN	65.4039	NaN	64.37	64.5178	65.3183
64	43.4608	51.064	72.1819	NaN	65.0187	65.8183	65.3273	NaN	66.9284	NaN	64.6075	65.117	65.6409
65	42.1898	50.5908	73.3941	NaN	65.7006	66.1755	66.8099	NaN	69.6694	NaN	67.1842	67.2685	67.8866
66	41.3518	48.642	72.0478	NaN	65.8808	65.934	68.7743	NaN	68.7337	NaN	68.5715	68.6853	71.2992
67	42.7086	47.2962	71.2045	NaN	63.3778	64.6147	66.2275	NaN	66.3716	NaN	65.3176	67.6174	69.0852
68	45.2822	46.5467	69.5381	NaN	61.8105	63.1293	62.708	NaN	64.501	NaN	62.2866	65.1741	65.7136
69	47.0201	47.5394	67.5541	NaN	60.9866	62.1696	60.561	NaN	63.6017	NaN	60.022	62.689	60.6084
70	47.6644	49.5062	65.8342	NaN	60.3389	61.2255	59.1026	NaN	62.976	NaN	60.277	62.0794	62.4329
71	48.2795	51.9744	65.0433	NaN	60.1312	59.9977	58.6262	NaN	63.0873	NaN	60.702	61.3724	65.5036
72	49.6444	53.2326	64.0603	NaN	61.0032	59.0431	57.9336	NaN	63.3499	NaN	60.5088	63.5968	67.2538
73	51.2859	54.0907	64.1004	NaN	61.5831	59.8003	57.8944	NaN	63.8001	NaN	60.9041	62.737	63.1446
74	53.174	55.0477	65.7706	NaN	62.2048	61.6377	58.0504	NaN	63.8232	NaN	61.772	62.5048	65.3944
75	53.7552	56.1477	65.3096	NaN	62.0306	61.1051	57.5558	NaN	62.6156	NaN	61.5261	61.4781	62.3566
76	53.0013	55.6048	64.0005	NaN	61.5375	60.6821	56.5296	NaN	61.0234	NaN	60.2713	60.7256	60.6829
77	52.1807	55.2954	62.8771	NaN	59.8295	58.8822	55.84	NaN	59.3928	NaN	58.7859	58.1877	57.8939
78	51.5819	55.2695	61.9018	NaN	59.4746	57.5729	54.274	NaN	57.0533	NaN	56.7927	57.2856	56.6698
79	50.2257	54.7341	59.8949	NaN	60.4176	56.5257	51.9169	NaN	59.3602	NaN	56.4966	54.9394	56.8028
80	48.1689	51.6963	56.0295	NaN	59.4942	54.6819	50.0682	NaN	59.7863	NaN	58.8423	54.0717	58.6572
81	45.8165	49.4017	52.784	NaN	54.8573	50.6632	48.1809	NaN	57.0158	NaN	50.5074	50.2243	52.3895
82	20.0741	22.3293	42.219	NaN	68.629	65.7937	74.9468	NaN	77.537	NaN	77.8287	88.6606	102.0864
83	22.4132	23.5772	43.8617	NaN	70.6724	68.4104	77.0914	NaN	79.308	NaN	79.3939	90.2679	105.9360
84	25.3619	25.0969	45.8591	NaN	72.4903	70.3727	79.0343	NaN	80.5823	NaN	80.169	93.1174	108.5883
85	27.2953	27.7483	47.4989	NaN	74.5662	72.38	80.3187	NaN	83.3329	NaN	81.067	94.8935	110.3961
86	29.1871	30.4899	48.4832	NaN	75.1609	73.6542	80.9134	NaN	85.5155	NaN	82.6911	95.9623	112.6412
87	29.3776	31.089	48.9709	NaN	75.1846	74.2549	81.1969	NaN	86.2602	NaN	83.985	95.9537	112.9422
88	29.1392	32.0445	48.4553	NaN	74.0543	74.2861	81.002	NaN	86.6447	NaN	85.1041	96.7367	113.5481
89	28.5004	32.5817	47.4846	NaN	72.9834	73.7151	80.2896	NaN	86.901	NaN	85.6812	97.3395	113.9424
90	27.927	33.2004	46.7007	NaN	71.2306	73.1733	80.5497	NaN	86.9551	NaN	85.9186	96.8374	113.5448
91	27.3628	33.1794	46.7277	NaN	69.3655	73.3822	80.3926	NaN	87.1001	NaN	86.7986	96.8529	114.0402
92	27.2108	31.8291	47.215	NaN	68.4327	73.372	80.0661	NaN	87.4148	NaN	87.3801	97.4552	113.5833
93	26.3931	29.9407	46.4852	NaN	67.1604	72.4104	79.5892	NaN	85.0047	NaN	87.067	96.1148	112.8936
94	24.8006	29.1205	44.7457	NaN	65.7124	71.3925	78.8413	NaN	84.9736	NaN	85.9255	94.6585	110.5257
95	23.5515	27.8402	41.7146	NaN	63.6215	70.0994	77.8878	NaN	83.889	NaN	85.1325	94.0442	108.7713
96	22.7086	26.2823	39.9571	NaN	61.3908	68.971	75.0823	NaN	81.0426	NaN	83.2938	92.2623	107.1783
97	22.3981	26.6344	39.0482	NaN	59.3582	68.2036	73.0901	NaN	78.4681	NaN	80.2254	87.8016	103.0533
98	22.6158	27.8521	40.4981	NaN	59.4883	68.3565	74.1425	NaN	80.4567	NaN	81.698	87.8261	101.5917
99	21.627	25.546	40.3977	NaN	62.0968	70.3079	79.1926	NaN	88.7838	NaN	89.847	93.3759	107.4985
100	24.9854	29.3855	44.0939	NaN	66.1477	74.2064	86.7016	NaN	96.2674	NaN	100.244	101.366	115.4086
101	28.2271	31.7908	47.8218	NaN	69.2	77.5256	91.0519	NaN	100.856	NaN	104.806	106.497	119.8034
102	30.9482	33.8899	50.6195	NaN	71.9253	79.9924	93.1872	NaN	105.08	NaN	108.688	111.376	124.5847
103	33.8326	36.2653	53.4229	NaN	74.3878	82.3606	95.6141	NaN	107.505	NaN	111.66	115.066	127.1084
104	36.5624	39.5122	56.0764	NaN	76.4904	85.1726	97.4807	NaN	109.065	NaN	113.367	116.688	128.5717
105	38.211	42.3395	57.6983	NaN	77.8978	86.6768	98.205	NaN	110.433	NaN	114.759	118.393	128.8663
106	38.2588	43.6437	57.6533	NaN	77.6207	86.7879	98.8309	NaN	111.564	NaN	116.122	119.837	129.6883
107	36.9248	43.0266	57.1549	NaN	76.4657	86.21	99.6371	NaN	112.405	NaN	117.025	120.145	130.4290
108	35.9683	41.5247	56.6582	NaN	75.2914	85.3241	98.9692	NaN	112.318	NaN	117.558	121.286	130.9470
109	36.7017	40.1551	56.4586	NaN	74.4328	84.1835	98.1603	NaN	112.36	NaN	117.578	120.446	129.9835
110	37.5509	41.0634	57.1795	NaN	74.5926	83.9426	97.8493	NaN	112.091	NaN	117.519	119.007	128.8096
111	38.9299	41.4704	58.2365	NaN	76.2786	85.8677	97.4716	NaN	112.057	NaN	117.397	119.25	128.0205
112	40.9313	41.1351	59.6693	NaN	78.2121	87.9864	97.5748	NaN	113.253	NaN	118.408	120.113	127.9912
113	42.4394	41.4786	61.1777	NaN	80.3426	90.0231	98.0097	NaN	114.475	NaN	119.368	121.9	127.8230
114	43.2768	42.0609	61.866	NaN	82.9804	90.7323	98.4252	NaN	115.719	NaN	120.263	123.115	128.4922
115	43.4232	42.4203	62.1418	NaN	83.8267	91.1618	98.9612	NaN	116.433	NaN	121.149	122.771	128.3403
116	43.5269	43.8225	62.4378	NaN	83.8937	91.5078	99.3631	NaN	117.074	NaN	121.514	122.619	128.0924
117	42.8201	45.5823	62.6357	NaN	84.6656	91.6076	99.7078	NaN	117.716	NaN	122.228	123.358	127.9256
118	41.9338	43.2397	61.1577	NaN	85.5637	91.2154	99.5423	NaN	118.307	NaN	123.026	123.14	127.6273
119	40.117	41.0788	58.96	NaN	85.9999	90.9933	98.9909	NaN	118.021	NaN	123.339	122.229	127.5839
120	37.756	39.7557	57.0048	NaN	84.4276	90.768	97.1266	NaN	117.318	NaN	123.855	120.986	127.3796
121	35.0086	40.1155	54.9527	NaN	82.5757	90.9248	97.9738	NaN	117.625	NaN	124.638	122.338	127.7141
122	30.9742	39.4057	53.6838	NaN	82.2544	92.2188	106.07	NaN	120.527	NaN	125.784	123.304	126.5664
123	27.7526	39.2634	53.2915	NaN	83.2307	93.4664	114.643	NaN	125.443	NaN	129.326	127.742	129.5567
124	24.8613	37.6128	61.2015	NaN	102.872	118.345	142.877	NaN	151.215	NaN	153.792	151.839	151.9963
125	22.8265	25.0515	53.244	NaN	98.3146	117.468	141.488	NaN	148.1	NaN	151.495	149.754	153.0216
126	26.2717	NaN	51.5817	NaN	95.7997	119.348	141.347	NaN	149.634	NaN	149.677	147.761	151.8241
127	50.0134	NaN	43.5644	NaN	36.6668	72.653	108.938	NaN	NaN	113.922	130.445	125.348	141.5813
128	55.7449	NaN	39.3878	NaN	29.8297	63.9167	105.965	NaN	NaN	105.683	124.179	120.986	144.5832
129	61.9746	NaN	35.2268	NaN	23.8612	54.7913	103.786	NaN	NaN	103.929	115.829	118.07	141.6534
130	68.5134	NaN	33.2435	NaN	24.9025	44.7824	100.299	NaN	NaN	97.8247	107.817	114.729	133.0013
131	75.3635	NaN	34.6875	NaN	27.6273	37.7078	94.3834	NaN	NaN	93.5959	102.253	108.729	124.1710
132	82.6046	NaN	37.6191	NaN	28.1758	30.6958	89.6159	NaN	NaN	93.1269	101.029	106.609	117.5232
133	85.5099	NaN	37.1064	NaN	27.9421	24.0811	83.8843	NaN	NaN	94.6645	98.5888	106.098	112.7978
134	82.1045	NaN	36.7111	NaN	31.8167	19.7435	76.4842	NaN	NaN	93.4519	95.5129	99.0471	111.8690
135	77.4926	NaN	37.5988	NaN	36.9364	17.9569	69.6166	NaN	NaN	90.8289	91.3913	91.7155	102.3063
136	72.4865	NaN	42.0816	NaN	37.1796	20.2718	67.3829	NaN	NaN	89.9987	87.7049	87.792	96.5734
137	67.251	NaN	49.7759	NaN	37.6707	26.6836	68.2011	NaN	NaN	89.8885	86.6728	89.9958	95.1397
138	61.8789	NaN	60.9608	NaN	42.3333	27.1544	70.9184	NaN	NaN	91.6126	88.9561	91.871	95.3677
139	55.0887	NaN	73.3405	NaN	50.0607	25.2593	71.291	NaN	NaN	92.7804	92.9609	94.9383	96.7432
140	46.6265	NaN	86.0895	NaN	67.9172	25.2952	68.9096	NaN	NaN	91.2653	95.564	95.3999	98.9639
141	43.9697	NaN	94.0946	NaN	73.1139	29.4122	64.7737	NaN	NaN	87.5248	94.184	92.9603	95.9313
142	47.5576	NaN	89.3349	NaN	66.3234	32.8969	62.2363	NaN	NaN	84.3018	88.7109	87.1172	91.3121
143	58.0128	NaN	79.7021	NaN	60.5848	37.2391	59.1917	NaN	NaN	80.7309	83.3819	81.6776	86.4851
144	80.7208	NaN	73.114	NaN	60.3922	42.3845	55.7208	NaN	NaN	79.9863	80.8961	81.0303	87.0233
145	106.218	NaN	89.5616	NaN	61.326	49.6971	53.3799	NaN	NaN	82.138	81.4848	88.1158	89.6774
146	137.763	NaN	116.1	NaN	63.4616	56.9912	51.7439	NaN	NaN	82.7698	83.7676	90.2441	90.5529
147	158.865	NaN	134.979	NaN	67.1133	67.4423	51.001	NaN	NaN	83.229	87.2088	90.1373	88.7878
148	160.234	NaN	140.258	NaN	74.0176	86.6083	50.3845	NaN	NaN	82.6505	90.5346	91.1412	92.2575
149	160.685	NaN	144.033	NaN	81.6351	99.2062	47.3053	NaN	NaN	81.3532	91.7156	90.7058	99.7553
150	161.003	NaN	NaN	NaN	88.7376	101.19	43.0149	NaN	NaN	77.9898	89.0574	87.9054	97.9371
151	161.291	NaN	NaN	NaN	98.6055	102.358	42.0342	NaN	NaN	75.3024	83.0488	84.3531	93.7451
152	160.672	NaN	NaN	NaN	108.105	103.619	43.2136	NaN	NaN	74.1429	78.9001	80.1408	88.7944
153	159.301	NaN	NaN	NaN	116	105.05	44.8529	NaN	NaN	73.2143	77.5792	77.0471	85.0636
154	157.828	NaN	NaN	NaN	119.993	106.348	46.9873	NaN	NaN	71.87	76.4091	72.9185	86.4310
155	155.459	NaN	NaN	NaN	120.281	108.353	51.4266	NaN	NaN	71.9325	75.6569	70.8763	84.8020
156	152.836	NaN	NaN	NaN	122.396	110.345	56.6572	NaN	NaN	73.8024	75.7839	72.2202	83.4639
157	149.352	NaN	NaN	NaN	124.041	111.17	65.3361	NaN	NaN	77.8227	79.211	76.8301	79.2394
158	145.868	NaN	NaN	NaN	124.544	111.008	76.7038	NaN	NaN	83.7372	85.1416	83.0328	85.7946
159	143.311	NaN	NaN	NaN	124.968	113.229	88.2826	NaN	NaN	90.4496	92.9056	92.0778	94.8280
160	140.786	NaN	NaN	NaN	126.141	117.355	98.2462	NaN	NaN	96.6225	101.108	99.5795	105.5831
161	137.334	NaN	NaN	NaN	126.562	120.48	106.51	NaN	NaN	102.204	106.069	105.67	110.8153
162	133.327	NaN	NaN	NaN	124.049	121.444	113.976	NaN	NaN	106.53	110.117	111.693	116.5616
163	128.169	NaN	NaN	NaN	120.371	121.048	119.067	NaN	NaN	108.73	112.416	113.985	117.0444
164	120.379	NaN	NaN	NaN	117.055	118.375	120.697	NaN	NaN	109.385	110.78	112.88	116.7938
165	112.01	NaN	NaN	NaN	114.657	113.545	119.598	NaN	NaN	109.434	107.975	111.345	116.1201
166	127.78	NaN	NaN	NaN	121.674	120.014	119.402	NaN	NaN	110.464	107.254	110.751	113.7806
167	128.227	NaN	NaN	NaN	122.61	121.699	119.8	NaN	NaN	112.04	110.609	112.403	114.7715
168	128.983	NaN	NaN	NaN	121.069	119.159	119.175	NaN	NaN	113.224	115.377	113.571	116.9911
169	127.432	NaN	NaN	NaN	120.489	120.608	118.698	NaN	NaN	114.867	118.379	114.693	114.6235
170	125.919	NaN	NaN	NaN	119.82	120.273	118.536	NaN	NaN	117.476	118.765	114.331	112.9222
171	125.211	NaN	NaN	NaN	120.017	120.305	118.594	NaN	NaN	118.961	118.363	112.107	109.0489
172	127.218	NaN	NaN	NaN	123.815	123.154	121.24	NaN	NaN	120.566	116.794	107.771	103.5799
173	131.605	NaN	NaN	NaN	128.816	127.549	124.33	NaN	NaN	119.365	110.982	102.399	97.3515
174	128.161	NaN	NaN	NaN	126.187	123.814	123.255	NaN	NaN	116.028	104.983	96.5969	90.6963
175	114.315	NaN	NaN	NaN	119.948	118.948	121.325	NaN	NaN	111.738	98.973	91.2012	84.7034
176	128.837	NaN	NaN	NaN	122.282	123.596	119.276	NaN	NaN	107.466	92.756	85.7143	78.7896
177	128.114	NaN	NaN	NaN	123.94	125.396	115.653	NaN	NaN	104.282	87.9524	81.0749	70.8245
178	127.69	NaN	NaN	NaN	125.718	122.707	108.613	NaN	NaN	99.6581	83.6739	76.71	64.8649
179	125.653	NaN	NaN	NaN	125.859	116.132	99.637	NaN	NaN	94.5595	80.4708	74.091	61.1123
180	125.918	NaN	NaN	NaN	121.644	109.304	90.3379	NaN	NaN	87.9945	76.5119	70.0198	63.3405
181	128.639	NaN	NaN	NaN	114.998	104.878	80.6308	NaN	NaN	79.4935	70.2884	61.5138	65.2588
182	130.877	NaN	NaN	NaN	105.789	98.0605	71.0176	NaN	NaN	70.1669	61.5907	52.2589	62.3951
183	133.681	NaN	NaN	NaN	94.316	89.8522	61.4827	NaN	NaN	60.5787	50.4799	41.7651	52.4065
184	137.957	NaN	NaN	NaN	86.2114	81.9652	51.7199	NaN	NaN	50.9725	40.4351	31.6005	42.7124
185	141.844	NaN	NaN	NaN	77.7563	73.458	43.2333	NaN	NaN	41.8338	32.4836	26.352	33.8372
186	141.634	NaN	NaN	NaN	71.1439	65.3256	35.5204	NaN	NaN	34.87	26.3583	19.9285	23.9083
187	136.1	NaN	NaN	NaN	64.6957	57.3009	30.9699	NaN	NaN	30.3788	21.8846	14.9351	13.7892
188	128.332	NaN	NaN	NaN	58.2651	50.2047	29.147	NaN	NaN	27.875	19.9438	11.0653	5.8338
189	121.059	NaN	NaN	NaN	52.4006	44.4085	29.3214	NaN	NaN	27.2104	19.359	12.0129	-0.7991
190	116.533	NaN	NaN	NaN	47.7516	42.0635	32.0987	NaN	NaN	28.8831	19.4815	12.2602	-5.0907
191	114.67	NaN	NaN	NaN	46.5301	43.3004	36.8937	NaN	NaN	32.2908	21.9646	11.1251	-6.2231
192	114.677	NaN	NaN	NaN	53.1741	47.5431	43.9679	NaN	NaN	35.8745	29.2162	15.2977	-3.2561
193	116.602	NaN	NaN	NaN	60.3918	53.0934	NaN	NaN	NaN	39.0015	36.174	17.443	5.7640
194	120.938	NaN	NaN	NaN	68.6147	59.8608	NaN	NaN	NaN	42.9325	36.1207	18.5965	18.5517
195	145.492	NaN	NaN	NaN	77.4814	65.2615	NaN	NaN	NaN	66.7745	35.399	20.5183	29.8575
196	153.663	NaN	NaN	NaN	86.9492	66.8652	NaN	NaN	NaN	71.1589	39.141	29.4578	40.4903
197	158.512	NaN	NaN	NaN	96.1166	NaN	NaN	NaN	NaN	77.3389	42.7523	27.1069	53.6640
