NaN	1928	1932	1949.8274	1967.3068	1967.3068	1975.2822	1988.1366	1996.6411	1996.6411	1996.6411	2005.9589	2015.2740	2021.4123
NaN	3.1953	NaN	3.2965	2.7702	2.5921	2.2608	2.5881	2.2841	2.2719	2.4068	2.0617	2.1497	2.0064
0	46.2468	NaN	44.0417	43.8532	NaN	42.8925	42.5386	44.1717	NaN	NaN	45.262	45.262	43.5131
1	57.8509	NaN	44.6303	42.7685	NaN	44.8096	40.4116	45.5933	NaN	NaN	45.6508	45.6508	44.7154
2	64.2196	NaN	43.4031	41.5813	NaN	45.3671	38.942	45.4022	NaN	NaN	46.4414	46.4414	46.1429
3	64.5595	NaN	44.0771	43.5142	NaN	47.0693	39.5789	45.1904	NaN	NaN	48.1496	48.1496	48.5194
4	64.9996	NaN	49.4697	46.8447	NaN	49.6087	44.3259	46.9351	NaN	NaN	49.1755	49.1755	51.7730
5	61.6765	NaN	50.1669	46.1756	NaN	48.6531	43.6891	45.9378	NaN	NaN	46.2513	46.2513	48.3137
6	56.0279	NaN	48.2821	41.0682	NaN	43.574	40.7966	42.4541	NaN	NaN	40.4846	40.4846	44.1991
7	54.2159	NaN	46.5509	39.2352	NaN	45.0567	38.3262	41.2028	NaN	NaN	38.6854	38.6854	44.5927
8	54.4976	NaN	44.8247	39.2694	NaN	42.655	38.8502	42.1958	NaN	NaN	39.4847	39.4847	38.6250
9	37.4312	NaN	43.1506	43.8255	NaN	44.5224	40.2368	NaN	41.7198	NaN	42.6023	42.6023	41.3463
10	40.6759	NaN	43.8579	42.7181	NaN	45.0969	41.5747	NaN	44.1477	NaN	43.9846	43.9846	46.0513
11	43.9205	NaN	43.956	43.1077	NaN	45.3037	42.7208	NaN	44.1207	NaN	44.0752	44.0752	44.6364
12	47.1652	NaN	44.6807	44.0381	NaN	45.4846	43.7064	NaN	43.6247	NaN	44.3938	44.3938	46.9125
13	50.4098	NaN	45.3415	44.7009	NaN	45.6236	44.177	NaN	43.914	NaN	44.5601	44.5601	46.3661
14	53.6545	NaN	45.7519	45.4901	NaN	44.7327	45.0992	NaN	44.3663	NaN	43.6295	44.209	44.5960
15	54.956	NaN	45.3786	46.3996	NaN	46.0959	46.3296	NaN	45.258	NaN	42.5459	44.4301	45.6990
16	56.2246	NaN	48.1389	47.0161	NaN	47.0538	45.6162	NaN	46.2955	NaN	44.1738	45.2785	46.5474
17	57.4933	NaN	47.3076	46.3066	NaN	47.5297	44.0815	NaN	45.5259	NaN	42.5083	42.553	46.2206
18	58.7619	NaN	46.0834	46.0031	NaN	47.3384	43.3888	NaN	42.6907	NaN	42.3348	44.43	47.3893
19	59.7035	NaN	46.3307	46.8048	NaN	47.5583	45.3224	NaN	45.1569	NaN	43.0758	46.3472	44.9784
20	59.8051	NaN	46.9665	48.5634	NaN	48.3086	48.052	NaN	47.9248	NaN	45.1219	48.2011	47.5443
21	59.8313	NaN	46.2106	50.8227	NaN	49.9983	48.6311	NaN	49.6707	NaN	47.3112	49.4601	56.0257
22	60.3939	NaN	47.0982	53.0993	NaN	51.9565	49.4734	NaN	50.1864	NaN	50.2896	50.8806	52.1397
23	60.3176	NaN	53.5162	54.5275	NaN	54.1883	52.651	NaN	52.2965	NaN	53.7075	53.7075	55.0854
24	61.3041	NaN	55.7059	56.4599	NaN	56.3941	54.4572	NaN	58.7716	NaN	56.9759	56.9759	59.0146
25	61.8166	NaN	56.2963	57.0242	NaN	58.8134	56.0189	NaN	60.8246	NaN	58.844	58.844	62.2260
26	63.129	NaN	57.0792	58.9068	NaN	59.1806	57.3048	NaN	60.5054	NaN	59.1042	59.1042	60.7503
27	65.2888	NaN	57.678	58.9404	NaN	58.9657	59.6054	NaN	58.8225	NaN	58.0211	58.0211	62.9730
28	68.834	NaN	55.9759	58.1159	NaN	56.4054	57.7875	NaN	56.2517	NaN	55.0745	55.0745	57.9827
29	68.1675	NaN	55.9368	54.8412	NaN	54.3117	56.0928	NaN	54.5801	NaN	52.9035	52.9035	55.5130
30	64.5826	NaN	57.2941	53.5312	NaN	53.83	55.8397	NaN	53.7407	NaN	51.4763	51.4763	53.6312
31	66.2918	NaN	59.8777	NaN	53.5203	54.1729	55.6666	NaN	53.7774	NaN	51.4651	51.4651	61.6031
32	67.461	NaN	62.0235	NaN	54.291	54.2475	55.4935	NaN	53.6187	NaN	53.3118	53.3118	56.8732
33	67.6467	NaN	62.5943	NaN	54.457	53.1429	55.9021	NaN	54.2512	NaN	53.5365	53.5365	54.6282
34	67.3657	NaN	58.9153	NaN	54.8514	55.585	55.8424	NaN	54.9876	NaN	55.0879	55.0879	56.9265
35	66.5579	NaN	55.5496	NaN	55.2459	54.8959	55.6083	NaN	55.165	NaN	55.2045	55.2045	54.6377
36	65.339	NaN	54.3797	NaN	54.8918	54.8674	56.1058	NaN	54.8056	NaN	53.6259	53.6259	53.5730
37	53.6882	NaN	52.5677	NaN	52.1166	52.4098	52.2511	NaN	50.8839	NaN	51.7952	51.7952	51.3023
38	50.667	NaN	49.2128	NaN	50.3258	50.1325	52.0424	NaN	50.7525	NaN	50.2608	50.2608	49.6370
39	50.9199	NaN	49.4183	NaN	50.1732	49.758	51.9529	NaN	51.0204	NaN	50.1628	50.1628	48.8303
40	53.7555	NaN	51.3864	NaN	52.2387	52.1676	53.8009	NaN	52.8768	NaN	52.6187	52.6187	51.5920
41	54.7071	NaN	54.2658	NaN	54.9785	54.6884	56.3844	NaN	55.489	NaN	54.3021	54.3021	55.3721
42	54.5825	NaN	56.1914	NaN	56.0916	57.0226	57.717	NaN	56.8352	NaN	55.5811	55.5811	61.7526
43	55.3463	NaN	59.2381	NaN	55.6466	58.1255	56.3346	NaN	55.3291	NaN	53.7407	53.7407	58.1554
44	56.983	NaN	63.055	NaN	53.688	53.8737	54.4908	NaN	52.9072	NaN	52.3179	52.3179	53.1708
45	58.0564	NaN	66.6788	NaN	52.2436	53.8277	53.4307	NaN	52.7704	NaN	52.1667	52.1667	51.5341
46	59.3342	NaN	68.5987	NaN	61.064	60.064	60.4431	NaN	56.2717	NaN	56.0927	56.0927	55.2194
47	60.3515	NaN	67.176	NaN	60.4465	60.1531	59.0634	NaN	55.5878	NaN	54.8115	54.8115	54.1291
48	60.9576	NaN	65.5916	NaN	58.881	57.8161	57.0501	NaN	54.6635	NaN	53.0969	53.0969	57.0954
49	61.3628	NaN	63.4699	NaN	56.7449	57.0099	55.8638	NaN	57.0863	NaN	53.5075	53.5075	56.8052
50	61.0556	NaN	54.766	NaN	55.3942	52.8056	55.1209	NaN	54.8292	NaN	54.6875	54.6875	54.1089
51	58.8563	NaN	57.9043	NaN	54.0494	53.1435	54.8858	NaN	54.29	NaN	54.5977	54.5977	53.4111
52	57.952	NaN	69.6568	NaN	54.2786	55.3796	54.7525	NaN	54.2713	NaN	55.0411	55.0411	54.6513
53	60.4377	NaN	70.0723	NaN	58.794	57.6839	56.1404	NaN	53.6543	NaN	55.139	55.139	57.2819
54	64.7681	NaN	70.5241	NaN	58.2736	57.7133	56.0085	NaN	54.233	NaN	55.2607	55.2607	57.9987
55	67.3696	NaN	67.5002	NaN	57.9101	56.9188	55.758	NaN	55.2925	NaN	55.2135	55.2135	55.6361
56	70.684	NaN	68.2455	NaN	58.0865	58.6239	55.2133	NaN	56.2664	NaN	54.923	54.923	54.6841
57	49.4619	NaN	67.4604	NaN	67.42	66.918	67.6264	NaN	68.651	NaN	67.899	67.899	66.3615
58	49.808	NaN	67.9516	NaN	68.2588	67.7175	68.7829	NaN	69.4067	NaN	68.7599	68.7599	67.6548
59	50.2537	NaN	68.4761	NaN	69.0343	68.551	69.5313	NaN	70.1411	NaN	69.8051	69.8051	66.9423
60	49.5603	NaN	69.0335	NaN	69.4212	69.3493	70.2096	NaN	70.9701	NaN	70.3563	70.3563	68.3663
61	49.5817	NaN	69.5979	NaN	70.5254	70.1842	70.8926	NaN	71.6274	NaN	70.8084	70.8084	69.0784
62	50.8021	NaN	70.2623	NaN	71.4131	71.1895	71.7887	NaN	72.0792	NaN	71.5652	71.5652	69.7078
63	52.4634	NaN	71.0603	NaN	72.2024	72.2712	72.6848	NaN	72.4312	NaN	72.9226	72.9226	71.4812
64	53.2124	NaN	72.1819	NaN	72.8597	73.1968	73.565	NaN	73.9585	NaN	73.53	73.53	70.5123
65	53.4966	NaN	73.3941	NaN	73.9637	74.8639	74.3855	NaN	75.7892	NaN	74.7673	74.7673	72.4845
66	53.6829	NaN	76.5882	NaN	74.9432	76.1222	75.3483	NaN	78.91	NaN	76.1422	76.1422	74.5645
67	54.4291	NaN	77.2757	NaN	74.5619	74.2305	76.5626	NaN	81.0915	NaN	76.6173	76.6173	75.7520
68	55.1478	NaN	77.5647	NaN	73.7433	73.2485	75.9602	NaN	76.0044	NaN	76.4158	76.4158	78.9858
69	56.4058	NaN	77.3877	NaN	72.4214	72.925	73.2121	NaN	72.4623	NaN	72.9584	72.9584	76.0379
70	58.0959	NaN	76.9548	NaN	71.6193	72.0697	71.0899	NaN	71.1365	NaN	71.8741	71.8741	71.5037
71	59.285	NaN	75.692	NaN	65.7411	65.926	70.3643	NaN	66.1451	NaN	65.643	65.643	65.5036
72	60.6814	NaN	72.3652	NaN	71.361	71.6003	70.2494	NaN	71.3349	NaN	70.8541	70.8541	68.0254
73	61.7353	NaN	71.5315	NaN	70.6273	71.5463	70.1344	NaN	70.9939	NaN	69.946	69.946	69.9258
74	64.2332	NaN	70.499	NaN	71.3029	72.2773	71.5396	NaN	71.602	NaN	71.3116	71.3116	70.3726
75	64.7941	NaN	73.7055	NaN	72.024	72.6405	71.6021	NaN	71.2828	NaN	70.5307	70.5307	71.9890
76	64.7467	NaN	73.5018	NaN	70.7031	73.3179	71.0894	NaN	69.937	NaN	69.5895	69.5895	71.6326
77	64.5981	NaN	71.8684	NaN	69.2066	72.4397	70.1585	NaN	69.1632	NaN	69.4122	69.4122	69.2713
78	64.0692	NaN	71.9321	NaN	69.2058	68.9988	68.2482	NaN	69.0051	NaN	67.1978	67.1978	67.2481
79	62.5838	NaN	64.6142	NaN	64.4254	64.0616	63.5621	NaN	64.5014	NaN	62.9421	62.9421	62.9941
80	61.2094	NaN	61.0431	NaN	59.3436	59.4164	59.1496	NaN	59.7863	NaN	58.8423	58.8423	58.6572
81	59.7451	NaN	57.736	NaN	57.885	62.5319	58.6804	NaN	57.0158	NaN	57.3404	57.3404	61.6398
82	31.0457	NaN	52.4597	NaN	78.6858	81.7839	89.8542	NaN	85.1678	NaN	86.8893	97.1315	115.8375
83	33.437	NaN	54.1684	NaN	80.5187	84.6465	92.0175	NaN	87.6846	NaN	89.1739	101.189	118.8124
84	36.1579	NaN	55.8898	NaN	81.6692	84.7711	93.5069	NaN	89.4926	NaN	90.7886	102.989	120.0875
85	38.0749	NaN	57.8404	NaN	83.8756	87.1279	94.3146	NaN	91.7822	NaN	92.3958	104.263	117.3565
86	39.6017	NaN	59.1538	NaN	85.1653	87.4482	95.555	NaN	93.2588	NaN	93.7381	104.815	122.2307
87	40.1721	NaN	59.7485	NaN	85.3954	86.7095	97.4925	NaN	94.8296	NaN	94.846	105.944	122.1306
88	40.386	NaN	59.5345	NaN	84.8852	87.3055	97.9185	NaN	95.1062	NaN	95.6087	105.675	124.0904
89	40.5369	NaN	58.1416	NaN	84.2207	85.5258	97.4995	NaN	94.7326	NaN	96.0831	106.483	123.2620
90	40.175	NaN	56.6823	NaN	83.7256	82.3291	97.1512	NaN	95.4653	NaN	95.7622	106.995	122.8295
91	39.7052	NaN	56.225	NaN	83.7213	81.5311	96.2477	NaN	96.0663	NaN	96.2785	106.656	126.2048
92	39.9618	NaN	55.41	NaN	83.7836	81.5851	96.2367	NaN	97.484	NaN	97.6414	106.019	123.0330
93	39.2837	NaN	54.5298	NaN	81.961	76.9161	96.0799	NaN	96.7251	NaN	97.078	105.31	123.4106
94	38.2483	NaN	53.9716	NaN	80.8061	75.7683	92.4795	NaN	95.3902	NaN	95.7952	104.857	123.2711
95	36.1848	NaN	52.8362	NaN	80.3265	73.9352	90.8297	NaN	94.18	NaN	94.7352	104.025	121.5667
96	35.1467	NaN	51.1878	NaN	79.5677	72.2742	89.0474	NaN	91.7954	NaN	93.2799	102.026	118.6301
97	34.0883	NaN	49.3976	NaN	79.1324	69.6888	86.7487	NaN	88.6315	NaN	91.0144	98.6508	116.6165
98	34.3289	NaN	49.8275	NaN	78.7862	69.6529	86.7606	NaN	88.9461	NaN	92.2776	98.2249	113.3115
99	33.539	NaN	50.5115	NaN	80.6464	70.7283	90.4367	NaN	96.0274	NaN	100.771	105.394	123.4114
100	37.3162	NaN	54.7154	NaN	85.2118	75.6761	100.013	NaN	104.781	NaN	110.423	115.196	134.6585
101	41.4549	NaN	56.5611	NaN	88.8337	82.6226	105.601	NaN	109.837	NaN	115.857	120.651	138.5847
102	45.4568	NaN	60.6929	NaN	91.6095	85.3828	107.92	NaN	114.275	NaN	119.906	124.543	141.3402
103	47.6573	NaN	66.5755	NaN	94.5861	88.5562	110.007	NaN	117.448	NaN	123.311	127.363	140.9984
104	48.2131	NaN	66.7185	NaN	95.8242	89.6675	110.802	NaN	118.478	NaN	125.038	128.204	140.0877
105	50.2075	NaN	68.7382	NaN	97.1244	91.2392	111.686	NaN	119.253	NaN	126.027	129.837	141.6066
106	48.5652	NaN	68.0646	NaN	97.6631	91.3963	113.121	NaN	120.911	NaN	127.477	131.519	144.1826
107	48.6388	NaN	67.0418	NaN	97.6607	93.3523	115.633	NaN	121.417	NaN	128.765	131.653	144.8540
108	49.3066	NaN	65.7781	NaN	97.3534	94.4137	117.215	NaN	122.955	NaN	128.969	133.289	145.8558
109	47.5038	NaN	65.3279	NaN	96.7363	93.3519	116.79	NaN	122.24	NaN	129.474	131.99	145.1482
110	49.9266	NaN	66.8681	NaN	96.2479	88.9174	115.889	NaN	122.108	NaN	128.483	130.627	144.2625
111	51.976	NaN	68.0947	NaN	97.1097	87.2599	114.762	NaN	121.742	NaN	128.861	130.886	144.3204
112	54.0515	NaN	69.2168	NaN	98.6223	87.9442	113.585	NaN	122.297	NaN	129.274	130.832	148.1122
113	55.1213	NaN	70.5336	NaN	100.081	89.5216	113.134	NaN	123.951	NaN	131.303	132.49	145.5665
114	56.7705	NaN	70.4288	NaN	101.03	94.5281	112.92	NaN	124.176	NaN	132.225	134.177	142.0010
115	55.9356	NaN	69.6175	NaN	101.869	95.5979	114.176	NaN	124.421	NaN	133.271	135.177	143.1775
116	54.7151	NaN	69.9012	NaN	102.289	94.923	115.985	NaN	124.878	NaN	133.587	135.548	151.1846
117	55.7551	NaN	69.8073	NaN	103.202	95.4191	117.536	NaN	125.497	NaN	134.289	137.071	145.7404
118	56.0014	NaN	69.3326	NaN	102.954	96.2198	118.949	NaN	126.291	NaN	134.61	137.791	149.5340
119	52.2601	NaN	66.9658	NaN	102.921	97.0205	120.246	NaN	125.518	NaN	135.682	136.353	145.6640
120	51.5221	NaN	64.9282	NaN	102.084	96.4562	121.756	NaN	126.865	NaN	136.228	135.25	143.4562
121	51.0781	NaN	64.0238	NaN	102.489	96.4254	125.017	NaN	130.014	NaN	136.963	135.749	146.5542
122	46.8507	NaN	63.7635	NaN	103.569	97.0974	128.473	NaN	132.791	NaN	138.698	137.207	143.4846
123	43.8525	NaN	63.377	NaN	105.683	98.7379	136.639	NaN	136.038	NaN	141.049	140.637	141.1211
124	38.8077	NaN	75.1118	NaN	130.139	120.295	162.703	NaN	160.642	NaN	165.28	164.317	166.0240
125	33.418	NaN	67.5367	NaN	127.02	115.65	160.586	NaN	156.449	NaN	155.226	155.226	153.9654
126	37.1997	NaN	65.3218	NaN	129.387	113.606	160.603	NaN	158.225	NaN	155.588	155.588	153.7002
127	59.3011	NaN	55.5908	NaN	82.5285	55.8006	128.774	NaN	NaN	122.178	137.508	140.234	144.8009
128	65.2521	NaN	53.3858	NaN	73.2763	49.6021	127.711	NaN	NaN	114.191	133.327	141.85	156.4601
129	71.4865	NaN	50.3311	NaN	64.2251	44.0473	125.091	NaN	NaN	109.758	123.365	137.052	153.7679
130	77.8047	NaN	46.9397	NaN	54.4283	40.0344	116.032	NaN	NaN	104.727	115.576	129.842	147.9845
131	84.7026	NaN	47.75	NaN	46.9371	39.9467	108.809	NaN	NaN	102.29	111.133	121.917	138.7682
132	92.6364	NaN	51.1027	NaN	40.6898	42.4048	102.888	NaN	NaN	102.862	107.857	115.848	128.8793
133	98.2772	NaN	56.1015	NaN	34.172	44.295	97.8549	NaN	NaN	104.134	106.092	114.665	118.2304
134	95.7872	NaN	61.313	NaN	30.1079	45.2566	91.5943	NaN	NaN	102.704	101.418	111.736	116.2581
135	91.886	NaN	67.1529	NaN	28.4559	46.2083	86.1531	NaN	NaN	97.3356	98.2703	103.979	118.5198
136	86.6517	NaN	73.5503	NaN	30.9547	48.4744	83.5808	NaN	NaN	95.0471	95.526	98.512	110.5765
137	81.3035	NaN	83.1301	NaN	36.9089	52.9046	84.2825	NaN	NaN	93.5475	95.837	99.4966	106.1059
138	74.7028	NaN	92.7675	NaN	41.5085	63.0806	87.9676	NaN	NaN	94.7506	98.0151	103.067	107.2179
139	66.2119	NaN	102.323	NaN	45.8285	73.2646	84.4451	NaN	NaN	97.703	101.983	106.291	108.9529
140	57.7397	NaN	110.079	NaN	49.5236	80.754	80.2552	NaN	NaN	98.3782	103.376	107.554	110.5528
141	50.4034	NaN	110.646	NaN	53.0504	80.2032	75.9283	NaN	NaN	95.7903	101.745	105.494	110.5900
142	53.4199	NaN	102.348	NaN	56.5829	77.3608	74.4317	NaN	NaN	92.6301	96.8274	101.438	102.0819
143	66.2152	NaN	91.8656	NaN	61.9714	75.1867	73.4348	NaN	NaN	91.2196	90.6828	94.1065	93.7507
144	89.049	NaN	82.0397	NaN	70.8773	74.6299	69.7883	NaN	NaN	89.9609	89.4002	89.056	103.6008
145	112.969	NaN	103.418	NaN	80.3226	74.3725	67.7138	NaN	NaN	90.8897	90.3406	96.757	102.3585
146	156.29	NaN	131.961	NaN	88.1493	74.9209	67.2532	NaN	NaN	91.6565	91.6901	99.3253	101.6168
147	169.228	NaN	145.159	NaN	94.4598	80.38	68.4899	NaN	NaN	92.3363	94.6477	99.981	99.9263
148	173.894	NaN	149.841	NaN	100.642	89.3949	70.9917	NaN	NaN	92.5473	97.9326	101.065	106.2456
149	174.294	NaN	154.331	NaN	106.492	100.379	76.3977	NaN	NaN	89.7633	100.366	102.721	109.4329
150	174.248	NaN	NaN	NaN	112.143	109.111	82.0861	NaN	NaN	85.7487	97.1956	101.389	112.1130
151	174.274	NaN	NaN	NaN	117.283	116.788	86.5097	NaN	NaN	83.2465	93.7828	98.4738	114.0786
152	174.597	NaN	NaN	NaN	120.88	123.697	90.0163	NaN	NaN	83.0056	90.8163	94.3926	103.4922
153	174.507	NaN	NaN	NaN	122.682	129.734	94.0318	NaN	NaN	84.5109	88.2871	89.9031	99.4083
154	168.557	NaN	NaN	NaN	124.288	133.824	98.7498	NaN	NaN	85.5465	86.1304	88.7072	96.1343
155	165.301	NaN	NaN	NaN	125.822	135.493	103.677	NaN	NaN	80.3502	84.5608	86.217	90.8932
156	160.874	NaN	NaN	NaN	126.879	136.263	111.311	NaN	NaN	80.6373	84.0045	85.9006	97.4642
157	156.109	NaN	NaN	NaN	128.857	136.607	118.641	NaN	NaN	81.3757	85.712	88.067	91.8677
158	153.07	NaN	NaN	NaN	131.258	136.251	126.263	NaN	NaN	87.2675	91.1419	92.9418	94.1393
159	149.68	NaN	NaN	NaN	133.773	136.541	138.068	NaN	NaN	95.2167	99.1415	101.539	102.9700
160	146.622	NaN	NaN	NaN	136.111	137.55	145.27	NaN	NaN	102.926	108.079	108.927	113.8520
161	142.522	NaN	NaN	NaN	137.558	139.56	141.664	NaN	NaN	108.492	113.539	115.352	116.8858
162	136.819	NaN	NaN	NaN	136.549	137.023	138.509	NaN	NaN	112.133	118.221	121.3	122.6155
163	132.9	NaN	NaN	NaN	132.666	134.026	135.783	NaN	NaN	114.246	121.995	124.065	123.2870
164	126.039	NaN	NaN	NaN	129.804	130.796	133.128	NaN	NaN	116.827	122.017	124.27	124.1390
165	120.282	NaN	NaN	NaN	128.367	128.435	130.624	NaN	NaN	116.916	122.036	123.413	122.0353
166	127.78	NaN	NaN	NaN	128.123	128.972	130.828	NaN	NaN	117.726	122.335	121.594	122.2408
167	128.227	NaN	NaN	NaN	129.114	129.116	131.682	NaN	NaN	120.938	123.088	122.314	118.2013
168	128.983	NaN	NaN	NaN	129.732	130.259	132.115	NaN	NaN	124.62	125.244	124.87	120.6792
169	127.432	NaN	NaN	NaN	128.338	128.61	131.575	NaN	NaN	127.241	126.791	126.036	124.4899
170	125.919	NaN	NaN	NaN	126.387	126.365	130.132	NaN	NaN	127.451	127.163	126.049	122.7575
171	125.211	NaN	NaN	NaN	125.577	125.944	128.879	NaN	NaN	126.382	126.859	125.209	121.5728
172	127.218	NaN	NaN	NaN	127.783	128.089	130.186	NaN	NaN	128.28	126.332	122.91	120.6944
173	131.605	NaN	NaN	NaN	131.983	132.584	134.55	NaN	NaN	131.824	123.55	120.964	117.6049
174	130.396	NaN	NaN	NaN	131.248	131.398	133.178	NaN	NaN	128.768	118.178	117.524	113.2254
175	125.818	NaN	NaN	NaN	129.703	129.45	131.984	NaN	NaN	122.274	109.799	110.866	106.6857
176	128.837	NaN	NaN	NaN	129.578	129.769	132.316	NaN	NaN	117.506	102.528	104.199	97.6028
177	128.114	NaN	NaN	NaN	129.039	130.177	133.825	NaN	NaN	113.273	97.5275	101.011	91.5480
178	129.267	NaN	NaN	NaN	129.988	130.619	129.858	NaN	NaN	107.955	92.6367	97.2585	89.1872
179	130.118	NaN	NaN	NaN	130.154	131.137	119.75	NaN	NaN	101.421	89.317	92.5434	85.3701
180	130.861	NaN	NaN	NaN	128.819	131.325	109.982	NaN	NaN	97.0557	84.1241	87.964	84.9797
181	132.748	NaN	NaN	NaN	119.898	125.88	100.15	NaN	NaN	89.7154	77.7233	79.3365	84.9883
182	136.157	NaN	NaN	NaN	110.865	117.214	90.6123	NaN	NaN	82.144	72.5463	83.9937	83.7115
183	139.848	NaN	NaN	NaN	101.412	108.676	81.3475	NaN	NaN	75.1063	71.3583	73.5025	71.6911
184	143.28	NaN	NaN	NaN	93.2709	100.738	72.2208	NaN	NaN	66.8275	64.1596	64.6454	63.0786
185	147.625	NaN	NaN	NaN	85.0353	94.0901	64.1603	NaN	NaN	57.7014	50.0586	57.0228	54.1199
186	150.002	NaN	NaN	NaN	76.507	87.124	56.2527	NaN	NaN	48.4518	35.5818	48.7143	45.3054
187	144.252	NaN	NaN	NaN	68.044	80.5541	48.5284	NaN	NaN	41.8905	31.9328	28.052	27.8116
188	136.921	NaN	NaN	NaN	60.8457	72.4674	44.0572	NaN	NaN	37.1844	29.3301	20.2372	15.9693
189	129.728	NaN	NaN	NaN	54.5854	66.7143	42.9714	NaN	NaN	34.322	28.3146	20.0026	13.1979
190	124.865	NaN	NaN	NaN	50.6717	62.4425	45.6074	NaN	NaN	36.1022	30.4163	20.527	22.2272
191	122.582	NaN	NaN	NaN	52.3086	60.085	49.8493	NaN	NaN	38.2796	33.8249	22.9381	15.1033
192	122.45	NaN	NaN	NaN	57.2344	62.6523	55.9989	NaN	NaN	41.5272	38.5175	27.0151	20.2134
193	125.532	NaN	NaN	NaN	63.3783	70.8015	NaN	NaN	NaN	45.9592	42.2463	29.837	30.1607
194	129.942	NaN	NaN	NaN	68.6645	78.7072	NaN	NaN	NaN	60.579	42.1512	29.3742	32.0420
195	148.697	NaN	NaN	NaN	74.7194	86.1708	NaN	NaN	NaN	66.9257	42.5378	30.2975	34.4953
196	154.892	NaN	NaN	NaN	95.4905	98.3643	NaN	NaN	NaN	71.1589	46.2208	38.6036	45.5911
197	161.862	NaN	NaN	NaN	110.491	NaN	NaN	NaN	NaN	77.3389	49.7898	56.2716	59.6255
