NaN	1928	1933.0000	1933.0001	1949.7425	1958.9041	1967.3096	1971.1014	1975.2822	1988.0902	2000.3716	2006.7781	2015.1589
NaN	4.1786	NaN	NaN	2.6139	3.7065	2.8935	2.8275	2.4898	3.1574	3.1686	2.1915	2.1617
0	75.8013	NaN	NaN	82.2122	82.659	86.1869	86.5408	83.3426	NaN	88.0052	86.8627	86.6935
1	67.3502	NaN	NaN	76.5798	81.4438	79.6999	81.6357	80.1636	NaN	84.5505	81.4208	82.9865
2	65.5266	NaN	NaN	76.1302	80.5482	80.5034	86.0695	79.4399	NaN	84.0431	80.4161	82.4805
3	67.4397	NaN	NaN	78.0988	83.697	82.1524	78.7763	78.5844	NaN	85.0965	82.4948	80.2205
6	66.8835	NaN	NaN	75.8743	83.6093	80.3225	78.525	78.1028	NaN	83.4309	80.5162	79.2324
7	62.7291	NaN	NaN	72.0753	77.946	72.8393	75.4746	75.3729	NaN	78.1374	75.1511	76.3092
8	63.1405	NaN	NaN	71.9978	73.7118	72.7744	75.4071	75.3709	NaN	77.2547	75.5141	75.5212
9	64.5159	NaN	NaN	72.5236	73.9761	73.4308	76.6044	76.6191	NaN	78.0534	77.1454	76.6544
10	65.6725	NaN	NaN	73.0725	76.482	80.0558	81.7458	85.5839	NaN	85.2991	82.9089	84.0875
11	66.0061	NaN	NaN	74.7981	77.9953	78.64	82.0717	81.7555	NaN	85.5687	81.4438	82.7674
13	62.5244	NaN	NaN	72.0018	79.7775	74.2844	77.0387	75.3841	NaN	82.1436	77.0653	76.3527
14	64.9099	NaN	NaN	74.449	82.2231	76.4442	78.6295	77.3022	NaN	82.7157	77.4451	77.4556
15	62.9935	NaN	NaN	74.4867	79.5647	75.679	78.4095	75.5426	NaN	78.4445	75.7542	76.9749
16	61.0342	NaN	NaN	75.4459	74.8351	73.5314	73.6676	72.8801	NaN	75.8647	73.8518	72.5931
17	60.8118	NaN	NaN	74.1913	74.8045	72.7422	75.506	70.3082	NaN	67.7471	66.2106	60.5474
19	56.4217	NaN	NaN	70.6104	74.0943	72.6551	75.6423	75.0552	NaN	78.0531	76.3848	75.1774
20	59.0183	NaN	NaN	72.5912	76.3417	77.1164	81.1876	79.2626	NaN	79.1889	77.9216	78.213
21	63.5945	NaN	NaN	71.5508	73.1765	75.3174	81.1998	76.195	NaN	77.4951	75.6012	75.9326
22	60.8645	NaN	NaN	69.8812	69.9415	73.2021	77.0879	73.3073	NaN	75.0746	72.5551	72.573
23	57.3998	NaN	NaN	68.6084	67.8458	70.0412	74.2419	71.8531	NaN	74.7891	73.188	73.1075
24	55.8142	NaN	NaN	66.5732	66.9421	67.74	72.4533	69.4697	NaN	72.8133	71.7755	71.9587
25	55.6455	NaN	NaN	66.9136	68.2806	67.1787	71.9185	68.3123	NaN	73.581	72.8264	71.5684
26	57.0395	NaN	NaN	67.4878	69.736	69.0008	72.0287	69.3945	NaN	74.222	75.6047	73.5265
27	61.6155	NaN	NaN	68.7211	71.5232	71.0063	74.6366	71.9708	NaN	75.0843	76.485	74.1279
28	69.1101	NaN	NaN	76.2558	76.7602	75.203	83.0296	75.5686	NaN	78.2292	77.6294	75.3411
29	75.4702	NaN	NaN	76.5412	77.3148	79.0403	83.747	77.5202	NaN	79.7632	77.5748	83.0506
31	81.5968	NaN	NaN	78.3755	79.5483	79.0662	84.2774	81.2989	NaN	83.1036	81.793	83.8741
32	80.1089	NaN	NaN	79.9447	82.1235	81.3235	85.2783	83.4469	NaN	85.9371	85.1251	88.0389
33	76.8759	NaN	NaN	79.6934	81.8896	82.7937	84.7814	83.7234	NaN	86.0406	83.819	86.5637
34	71.9517	NaN	NaN	75.7024	74.8096	76.8437	80.8497	78.3931	NaN	81.3368	78.7346	80.8639
36	60.052	NaN	NaN	62.7236	59.845	64.1667	65.9905	68.6155	NaN	66.5923	66.1168	66.3396
37	61.3974	NaN	NaN	64.5339	62.2339	67.0594	68.2617	68.3583	NaN	67.9323	68.4579	68.8759
38	62.8468	NaN	NaN	67.1624	65.521	69.2057	70.4847	70.4305	NaN	71.0391	71.0129	70.7469
39	64.8991	NaN	NaN	68.616	68.0582	70.2812	72.5906	71.7316	NaN	72.1844	73.0994	72.447
40	66.0388	NaN	NaN	68.4797	68.7437	70.9045	72.952	72.4646	NaN	72.1538	73.7192	72.6879
41	64.6718	NaN	NaN	68.3394	67.0362	71.1119	72.2271	73.2673	NaN	71.4318	73.4016	73.4206
42	62.6654	NaN	NaN	66.7027	65.9554	69.4402	71.2691	72.4399	NaN	69.8757	71.7969	72.3108
43	60.0692	NaN	NaN	64.2456	64.6651	67.253	69.334	69.7521	NaN	67.9505	69.1327	70.6961
44	56.8826	NaN	NaN	62.0452	61.9977	65.0674	66.4893	66.8708	NaN	66.9165	67.494	68.8549
45	55.7169	NaN	NaN	60.6688	59.6628	63.803	63.2523	63.7892	NaN	66.0844	67.2927	68.3685
46	54.5328	NaN	NaN	59.1084	56.5852	60.6395	59.8864	61.8347	NaN	64.9289	66.0518	66.5419
47	58.4133	NaN	NaN	59.3922	57.7005	59.6792	58.0911	60.5481	NaN	65.7237	66.9369	67.4108
48	64.4193	NaN	NaN	64.7207	63.3243	65.6655	63.6235	63.5062	NaN	72.0143	72.8522	72.2095
49	71.6842	NaN	NaN	71.0298	69.3919	72.2519	71.2012	69.0728	NaN	77.2313	81.673	80.116
50	75.5313	NaN	NaN	76.3303	73.715	77.0637	73.681	74.5497	NaN	80.3503	87.7244	86.7441
51	76.8578	NaN	NaN	79.2	76.589	80.578	74.9754	77.8404	NaN	85.946	91.2551	90.994
52	76.4901	NaN	NaN	79.583	79.4895	83.7371	76.7919	81.1599	NaN	91.3403	95.6052	95.2188
53	76.6704	NaN	NaN	79.4351	81.0343	82.8976	79.9912	83.4761	NaN	84.0367	84.3302	84.236
54	75.7584	NaN	NaN	79.2873	79.681	82.5589	81.3232	82.6495	82.6245	84.5523	84.9052	84.3172
55	72.9379	NaN	NaN	77.3218	77.8165	81.1422	81.0284	80.9422	79.0501	88.7443	89.25	93.9469
56	69.7097	NaN	NaN	74.2738	75.6729	78.1233	78.5687	78.7897	73.9881	80.9355	81.1436	85.7183
57	67.1853	NaN	NaN	71.6171	73.2218	75.1382	74.1477	75.2582	71.0973	75.9503	77.7767	82.1651
58	65.8166	NaN	NaN	68.9598	69.6592	72.352	70.4576	69.9471	71.0909	73.1114	75.9729	78.9198
59	65.6534	NaN	NaN	65.3779	65.4971	67.9991	68.4212	68.4441	69.0083	71.8082	73.8886	75.9302
60	66.4462	NaN	NaN	63.0646	62.9324	66.3573	66.3321	66.3178	66.0378	68.8134	69.9797	72.2218
61	80.0749	NaN	NaN	75.1281	78.8525	74.2266	78.2141	77.0813	71.5616	73.1505	76.2758	71.8349
62	81.2557	NaN	NaN	77.9244	77.8734	79.0705	78.1831	79.3816	73.7799	77.8982	78.9964	77.5209
63	79.0849	NaN	NaN	77.3328	75.2169	77.9072	77.0835	78.2178	74.5001	77.816	78.6231	78.5717
64	77.0039	NaN	NaN	74.7173	71.0492	77.9801	74.5485	75.2538	71.5569	73.4737	76.1286	77.0785
66	70.4014	NaN	NaN	67.7549	67.9168	69.2794	68.5648	68.0051	64.2093	66.9596	68.2224	68.6409
67	72.9995	NaN	NaN	64.5471	64.179	64.1598	66.1045	65.8182	64.1757	66.0272	66.7058	64.2576
68	73.9693	NaN	NaN	63.516	63.1673	62.028	66.3273	64.9531	63.5765	65.7822	65.2027	64.0605
69	72.2714	NaN	NaN	70.6983	70.7485	81.2135	79.689	73.1785	75.975	73.5385	79.8864	80.5675
70	70.1147	NaN	NaN	70.8333	76.8563	85.0279	78.822	72.6961	76.0119	80.5739	82.4465	82.5857
71	76.2897	NaN	NaN	73.5655	85.984	90.0769	83.7086	73.0957	74.0936	84.2509	82.7034	82.7026
72	84.723	NaN	NaN	75.0088	71.8464	75.1251	73.1881	73.3367	70.8207	74.8911	74.8674	71.8308
74	74.3724	NaN	NaN	75.5464	73.7595	75.2059	74.4504	74.0756	72.3919	75.2409	75.7179	74.1634
75	78.4624	NaN	NaN	81.6113	79.3571	79.4961	78.8829	77.7881	76.2442	78.8906	79.5394	78.4144
76	80.9547	NaN	NaN	82.9767	83.6799	83.4528	81.3947	80.2643	78.997	82.708	82.9436	82.8476
77	81.3963	NaN	NaN	84.2045	86.3937	84.3431	82.6738	80.8117	80.1104	85.4043	85.0546	84.8608
78	79.585	NaN	NaN	84.9983	85.6504	83.1202	82.4315	81.2525	79.464	NaN	82.3539	82.349
79	77.5796	NaN	NaN	84.2108	82.8109	82.4892	82.2991	80.3683	80.3204	NaN	83.0538	83.2915
80	75.2533	NaN	NaN	82.8042	80.6203	80.9283	80.7427	78.7475	78.0536	NaN	81.1704	81.3137
81	72.4913	NaN	NaN	79.3061	78.0672	78.2676	77.8995	76.1127	75.0032	NaN	77.9877	78.0867
83	69.3867	NaN	NaN	75.2843	73.7508	74.3332	74.3724	72.5275	71.9268	NaN	74.3401	74.6808
84	73.9755	NaN	NaN	79.8659	74.3664	72.7662	77.6815	76.5488	77.4718	NaN	79.2935	79.1467
85	75.3446	NaN	NaN	79.7758	74.6225	74.0977	79.4594	78.4024	79.8408	NaN	80.8553	80.6764
86	76.9319	NaN	NaN	79.6771	75.5139	76.3371	81.1513	79.196	80.7197	NaN	81.3519	81.2189
87	77.7416	NaN	NaN	79.5784	76.8031	77.4524	81.4615	79.0225	80.6328	NaN	81.7326	81.686
88	78.1238	NaN	NaN	79.4797	77.5758	78.4293	80.3745	78.2997	79.9807	NaN	82.0687	81.8231
89	77.8112	NaN	NaN	79.3407	77.5772	78.5965	79.8444	77.4201	78.5145	NaN	81.6223	81.4564
90	79.9575	NaN	NaN	77.5162	75.7822	77.141	75.6283	74.0105	75.9403	NaN	77.1192	77.1834
91	84.1921	NaN	NaN	75.7924	76.8333	76.8723	80.3796	77.8849	76.4488	NaN	78.5423	78.4876
93	86.3838	NaN	NaN	81.8532	81.3529	81.2794	82.1582	82.2003	80.065	NaN	82.3276	82.3502
94	85.226	NaN	NaN	84.0138	86.8978	88.4018	88.6251	83.7018	83.673	NaN	88.317	90.4647
95	85.3716	NaN	NaN	85.4136	86.594	87.6816	86.7751	85.276	85.7565	NaN	88.6695	88.4538
96	85.3101	NaN	NaN	86.705	86.655	87.9796	86.6583	85.4182	86.8624	NaN	89.057	88.344
97	86.1042	NaN	NaN	87.335	87.5129	87.6544	87.4937	85.8696	87.0115	NaN	87.9259	89.2296
98	87.045	NaN	NaN	87.7029	88.1496	87.2696	87.6539	86.0635	87.3483	NaN	87.11	87.7932
99	87.3982	NaN	NaN	88.3873	88.6608	88.1961	87.5824	87.7422	87.6867	NaN	87.604	87.6927
100	88.3537	NaN	NaN	88.8405	89.786	89.727	87.6924	89.1173	87.9368	NaN	88.1023	88.041
101	89.399	NaN	NaN	89.0613	89.832	89.8796	88.1189	89.7346	88.2495	NaN	88.6151	88.3967
102	90.4925	NaN	NaN	89.2104	89.8704	89.4578	87.9906	89.9504	88.8154	NaN	89.1148	88.8871
103	91.304	NaN	NaN	89.1901	89.7598	89.1852	87.4904	89.7073	89.356	NaN	89.5513	89.6396
104	91.2964	NaN	NaN	88.8283	89.0939	88.5885	86.6257	89.9002	89.4378	NaN	89.9011	89.8156
105	90.9824	NaN	NaN	88.5069	88.3593	88.2269	86.3665	90.0441	89.4118	NaN	89.6291	89.5538
106	88.8305	NaN	NaN	88.1424	88.1863	87.4775	85.9985	89.5252	89.2186	NaN	89.4987	89.292
107	87.9655	NaN	NaN	87.2996	88.2087	87.4542	86.4354	89.8671	89.0261	NaN	89.6994	89.7728
108	87.3058	NaN	NaN	86.4568	88.0455	87.7164	86.9113	90.0254	88.8391	NaN	89.7607	90.1155
109	87.0251	NaN	NaN	86.058	87.6851	88.2696	86.9698	89.9872	88.7828	NaN	89.5765	90.1098
110	87.7149	NaN	NaN	85.7432	87.1651	89.461	87.1616	90.3326	88.1398	NaN	89.5105	89.8702
111	87.3876	NaN	NaN	85.7973	87.5252	89.9451	87.5873	90.2619	87.6802	NaN	89.6211	89.6042
112	87.9877	NaN	NaN	86.3553	87.8754	90.3485	88.1619	90.1184	88.4618	NaN	90.0266	89.3383
113	89.187	NaN	NaN	86.9323	89.2528	91.1061	88.4614	90.2194	89.039	NaN	89.4503	88.9548
114	90.029	NaN	NaN	88.3849	90.0993	92.2814	88.5456	90.8568	88.9968	NaN	89.1547	87.9946
115	90.0359	NaN	NaN	88.6456	90.4081	92.4101	88.5916	90.9082	89.1279	NaN	89.1912	88.0483
116	86.2504	NaN	NaN	86.0541	87.1941	89.4144	85.4133	87.6306	86.5122	NaN	86.6241	86.213
117	83.1661	NaN	NaN	83.4315	85.1957	86.9269	84.3781	85.66	85.0331	NaN	85.1818	84.3386
118	80.9826	NaN	NaN	81.7528	83.7956	85.3677	83.1265	84.4641	84.1904	NaN	84.1789	83.2014
119	79.4915	NaN	NaN	81.3926	83.0478	84.8057	82.3351	83.843	83.4522	NaN	83.4487	82.764
120	78.6653	NaN	NaN	80.8843	82.5652	84.5058	81.8612	83.2356	82.9811	NaN	82.9711	82.3688
121	78.4378	NaN	NaN	79.9871	82.4435	84.3791	81.4986	82.723	82.9157	NaN	82.7574	82.2622
122	78.922	NaN	NaN	79.8073	82.5379	84.1689	81.5398	82.4471	82.9649	NaN	82.6771	82.2432
123	78.9799	NaN	NaN	79.6807	82.2307	83.8291	81.5599	82.3228	82.77	NaN	82.6314	82.0359
124	78.3773	NaN	NaN	79.5268	82.5482	83.451	81.3314	81.6188	82.6113	NaN	82.5132	82.2323
125	79.1306	NaN	NaN	80.1409	82.8688	82.3553	78.9048	80.7622	82.5439	NaN	82.4005	81.9289
126	80.2322	NaN	NaN	80.8861	83.5199	80.516	78.341	80.5048	82.3476	NaN	82.2969	81.8814
127	80.8933	NaN	NaN	81.5649	82.8543	80.4616	78.6072	80.9451	82.248	NaN	82.0722	82.0017
128	81.3295	NaN	NaN	81.8627	82.1468	80.7553	78.7619	81.8001	82.4055	NaN	81.7063	81.4495
129	82.098	NaN	NaN	82.5204	82.4835	80.353	78.5092	81.9915	82.8969	NaN	81.9869	81.7571
130	83.0319	NaN	NaN	83.5081	82.502	81.2257	79.6678	82.9921	83.551	NaN	82.5951	82.5272
131	84.0343	NaN	NaN	85.7864	85.1623	84.1606	82.5291	85.3646	85.1375	NaN	83.8541	83.7638
132	91.1463	NaN	NaN	91.1282	90.3025	90.9922	89.5406	91.3542	90.7928	NaN	91.1475	90.5655
133	93.3662	NaN	NaN	92.275	92.2712	93.2964	91.0401	93.429	92.0199	NaN	92.8107	92.9167
134	95.5862	NaN	NaN	91.1438	87.2466	93.1778	88.5114	93.3709	93.2811	NaN	91.7674	91.501
135	83.8545	NaN	NaN	83.7198	83.1876	83.778	81.9408	84.0198	84.7397	NaN	82.1025	81.811
136	83.6678	NaN	NaN	85.9245	85.1115	86.517	82.8447	85.6214	85.5431	NaN	85.3504	84.398
137	83.3086	NaN	NaN	86.3588	85.1163	87.1235	84.6544	86.3559	85.6608	NaN	85.4422	85.4729
138	82.9173	NaN	NaN	87.4578	86.1647	83.004	82.1648	82.5172	83.1804	NaN	88.088	86.8259
139	84.0506	NaN	NaN	84.7085	84.4166	84.9062	82.2807	85.3798	85.073	NaN	87.3567	84.353
140	87.6204	NaN	NaN	90.6031	87.5987	87.5549	85.2103	89.5852	89.0326	NaN	92.7739	87.4693
