NaN	1928.0000	1933.0000	1933.0001	1949.7425	1958.9041	1967.3096	1971.1014	1975.2822	1988.0902	2000.3716	2006.7781	2015.1589
NaN	5.8148	7.2391	7.2918	4.0975	5.4854	4.2813	4.9342	4.0194	5.1304	4.4718	3.8418	3.8249
0	67.7519	74.8569	NaN	72.8003	76.8291	80.6237	79.9878	80.8689	NaN	88.0052	86.8627	86.7471
1	61.3389	67.6904	NaN	70.211	75.0787	73.2195	73.4774	76.4598	NaN	84.5505	81.4208	83.0207
2	59.8946	67.1532	NaN	70.0203	74.1247	70.2145	72.3057	74.3133	NaN	79.1425	80.4161	82.4819
3	61.8039	65.7329	NaN	70.8768	74.0423	71.3491	72.5441	74.5938	NaN	77.7677	82.4948	78.9351
6	59.8002	59.9106	NaN	68.772	69.6146	66.5968	67.959	67.2607	NaN	72.3978	80.5162	72.5928
7	55.4806	56.1582	NaN	65.7279	63.0934	60.8213	63.9708	62.9152	NaN	66.5493	75.1511	67.7018
8	55.5237	59.7194	NaN	64.6304	64.063	64.3098	66.283	67.1064	NaN	70.1598	75.5141	71.7074
9	56.1692	60.4032	NaN	65.4889	65.7716	66.2753	67.674	69.8519	NaN	72.6068	77.1454	72.8683
10	56.5275	59.2926	NaN	66.3474	66.6457	67.4055	68.4817	71.8701	NaN	73.7488	76.6878	74.8338
11	56.8525	57.9281	NaN	67.6568	66.397	69.6288	68.724	75.916	NaN	74.1344	75.646	75.6587
13	53.514	52.2164	NaN	64.3896	62.9597	65.8553	68.8335	68.5049	NaN	72.8279	70.1561	70.4317
14	55.8705	52.0961	NaN	67.3981	67.004	66.366	71.0559	69.1509	NaN	74.899	74.7116	71.1266
15	54.5903	48.8025	NaN	67.9345	66.8011	65.425	69.7079	68.2115	NaN	73.6259	75.7542	70.4774
16	50.7559	46.5418	NaN	68.3427	62.7062	63.4753	66.8512	65.3556	NaN	68.7149	73.8518	62.3967
17	49.1331	43.6092	NaN	68.3945	59.7639	59.2848	61.9793	59.5141	NaN	61.4599	66.2106	33.378
19	50.4407	48.7496	NaN	65.3698	64.5975	65.0261	68.6771	68.3569	NaN	72.2943	72.3408	70.1951
20	51.1868	52.7551	NaN	65.3465	67.759	67.2813	69.2511	68.5071	NaN	73.3345	74.1349	74.6013
21	55.5311	50.6509	NaN	64.6839	66.2068	65.7249	68.7065	66.1176	NaN	72.6247	74.558	73.0131
22	50.8035	49.1082	NaN	63.2757	62.9971	62.0114	66.7087	62.2406	NaN	69.9288	72.5551	72.6241
23	44.9153	46.9896	NaN	61.4638	59.7739	57.9268	63.6866	58.3393	NaN	66.3771	71.7534	73.0888
24	41.7632	45.0949	NaN	59.7013	56.3726	53.0323	60.8603	54.1143	NaN	61.6101	66.3074	72.0492
25	43.2707	46.2074	NaN	58.7553	55.1989	51.2891	59.904	53.2162	NaN	59.9415	63.5598	71.6048
26	46.4267	51.0866	NaN	58.423	56.7563	53.9957	60.6325	55.9392	NaN	62.3492	65.3514	73.5431
27	49.1238	53.5622	NaN	59.9388	58.4533	57.6548	61.3581	56.9467	NaN	63.7228	70.9611	74.1784
28	51.6094	56.2804	NaN	61.4742	56.9601	58.8906	61.81	58.2328	NaN	62.7222	71.396	67.5838
29	52.1122	60.0465	NaN	62.1289	56.8953	59.0959	60.6401	58.6923	NaN	61.5314	67.3113	66.2097
31	55.8998	65.6814	NaN	66.7356	61.6806	65.181	64.1239	64.4103	NaN	65.8195	70.1229	71.2969
32	59.9117	68.7155	NaN	70.9641	66.5421	69.9051	68.8736	70.8538	NaN	71.0126	72.0723	74.51
33	61.0618	66.4686	NaN	71.5486	67.451	69.6278	70.5432	72.3267	NaN	74.9862	72.1449	75.2304
34	56.9903	58.8334	NaN	65.5284	61.4439	62.4634	64.8278	65.6092	NaN	70.968	67.8475	68.8359
36	47.5717	48.8897	NaN	54.8657	51.4361	51.9068	52.581	53.6883	NaN	57.0713	57.7891	56.8148
37	50.091	54.7224	NaN	56.2506	53.8755	54.5247	54.2653	55.196	NaN	58.3192	59.2454	57.2349
38	52.6854	59.1168	NaN	57.8903	56.3964	57.9929	57.0404	59.5321	NaN	61.8362	62.741	59.6611
39	54.86	62.3327	NaN	59.9734	58.5177	60.8885	60.0641	62.4157	NaN	65.2123	66.3507	61.5123
40	56.0556	65.3444	NaN	60.2382	59.5644	62.1628	62.7212	63.4056	NaN	64.9792	66.9713	61.9176
41	55.1725	65.0127	NaN	59.4349	59.9971	62.7704	63.9601	63.2723	NaN	62.6359	66.3372	62.3681
42	52.7544	60.836	NaN	57.2043	59.0107	60.831	61.8032	62.3973	NaN	61.2623	64.4132	61.0997
43	49.2249	56.2371	NaN	54.6073	56.4673	58.8195	59.2545	59.9825	NaN	59.1186	62.0024	60.1325
44	45.0817	52.3135	NaN	52.7493	53.3779	55.5384	56.3903	56.2717	NaN	55.9645	59.4981	58.7991
45	41.6438	50.5511	NaN	51.5509	49.9795	52.3009	53.0081	52	NaN	52.5514	55.9686	57.5451
46	40.5	47.9721	NaN	49.396	45.6498	49.1597	50.3174	48.1778	NaN	49.0189	54.9978	54.8405
47	46.412	47.435	NaN	50.4323	46.0959	50.5132	51.4071	50.3299	NaN	53.7855	58.304	55.4637
48	53.5386	53.52	NaN	55.8112	50.4996	53.7096	54.4116	54.0309	NaN	60.172	63.6999	61.1147
49	59.35	57.1803	NaN	60.8226	56.9479	59.2343	59.4345	58.7002	NaN	66.357	71.1557	66.866
50	61.9017	60.951	NaN	65.2125	62.5366	62.9295	63.8777	62.454	NaN	71.2607	77.1096	71.6469
51	63.9771	64.4629	NaN	68.8898	65.0604	65.3471	67.1738	65.8574	NaN	76.3618	80.5158	77.8424
52	64.6204	65.9192	NaN	70.8064	65.9273	66.8072	69.3518	68.2816	NaN	81.9764	83.762	80.3372
53	64.2089	64.9233	NaN	71.8662	65.5124	67.6653	69.3321	68.9967	NaN	84.0367	84.3302	84.263
54	62.8448	62.95	NaN	71.477	63.8907	66.5898	68.0084	67.0504	69.3022	83.8624	84.9052	84.2344
55	60.2888	62.7199	NaN	70.0989	61.0647	64.147	65.3309	64.5828	66.2343	77.0436	76.6939	79.447
56	57.7799	61.7912	NaN	66.4232	57.9213	61.0837	62.4856	61.8515	62.0366	71.2374	72.8428	74.4979
57	55.2866	60.4143	NaN	62.8547	54.9529	58.7765	59.043	59.7309	58.8419	68.3511	69.78	72.5326
58	53.6583	58.8159	NaN	60.1261	52.641	56.5379	56.2698	56.4811	56.1692	65.7105	66.8936	70.3226
59	52.9905	56.2692	NaN	57.5737	50.9258	55.9699	54.354	54.2858	54.2609	62.5232	64.1232	65.32
60	52.371	54.1102	NaN	56.912	48.8904	52.6162	51.9144	51.2212	51.8379	59.9063	61.9616	62.4557
61	63.9077	58.4747	NaN	65.0125	64.5871	63.9622	59.3915	63.1111	55.4575	61.178	68.7855	66.0484
62	68.808	63.2984	NaN	69.595	67.878	69.6685	65.7531	69.236	61.9543	67.8572	71.8009	70.651
63	71.5079	63.6808	NaN	70.824	67.4994	70.8089	67.8092	70.1395	62.9402	70.1998	72.8525	73.3767
64	68.1853	59.7308	NaN	67.8008	63.4582	67.082	65.0044	66.5335	59.7928	66.4343	69.2312	69.0474
66	57.8214	50.8886	NaN	57.8732	55.3357	58.8128	57.4635	57.7619	52.3642	58.4197	58.9891	58.7466
67	58.035	55.3023	NaN	57.4697	58.4741	60.2735	58.5605	59.8134	54.8485	59.3274	58.0223	64.3012
68	57.6431	57.6719	NaN	55.6592	63.237	62.0549	59.501	59.2975	56.8638	59.5171	56.989	64.1041
69	56.2049	56.1141	NaN	53.8723	64.5397	65.3943	58.5075	56.0983	58.437	58.3072	55.8455	60.4285
70	54.5034	55.2514	NaN	53.9321	64.1204	65.0051	57.4064	55.6868	59.8822	57.5631	54.8075	59.0352
71	56.0454	58.9872	NaN	57.9568	64.6378	68.3276	65.4618	59.8479	61.4396	58.5269	57.2968	61.644
72	60.2157	60.9848	NaN	61.4025	66.5517	67.925	73.1881	64.1067	64.388	67.5804	61.6555	66.4349
74	62.0453	63.9817	NaN	61.727	64.548	66.4365	74.4504	65.4491	65.1441	67.2551	64.0769	66.6263
75	65.2625	71.2686	NaN	67.8809	67.3756	68.8836	74.7018	69.5076	67.2525	70.1267	67.666	69.1498
76	67.7841	73.1045	NaN	73.4394	69.1515	70.7556	76.2119	71.1743	68.4953	72.3904	70.4441	70.9292
77	68.878	71.2077	NaN	75.7762	70.3283	71.9471	76.27	72.6287	68.8111	73.1622	72.3007	72.4834
78	69.4867	68.6767	NaN	76.1659	70.5346	72.514	76.2999	72.4814	68.858	NaN	73.232	72.4552
79	69.2649	66.8351	NaN	75.0599	69.4483	71.3634	75.591	71.4943	68.5972	NaN	72.9464	71.4521
80	66.5503	66.4807	NaN	73.1788	67.2038	69.199	72.8791	69.1451	67.3295	NaN	71.4509	69.25
81	62.9891	63.6891	NaN	69.5992	63.7179	65.3887	69.4072	65.4608	64.426	NaN	68.4162	66.3994
83	57.7834	59.4181	NaN	64.29	57.3761	57.6004	63.905	59.8662	58.466	NaN	63.506	61.0407
84	62.3886	65.7962	NaN	68.9444	61.2746	60.0817	68.4956	63.2085	62.2667	NaN	67.738	65.2688
85	65.5079	67.5452	NaN	71.6945	64.4431	63.0176	71.681	65.9053	65.4226	NaN	70.1959	69.6363
86	66.8801	68.216	NaN	73.4236	67.2915	65.0475	73.8049	66.5677	67.062	NaN	71.3638	71.6205
87	67.0984	69.9061	NaN	73.3568	68.5099	64.3908	73.3267	64.3908	66.9111	NaN	70.8936	71.7458
88	66.7629	69.5941	NaN	72.5808	68.2984	62.9463	70.0676	61.4646	65.8061	NaN	69.1581	69.3895
89	64.4343	67.8069	NaN	70.7969	67.0811	61.6336	65.0472	58.6364	62.9078	NaN	68.9082	65.8087
90	60.7528	66.4885	NaN	67.0703	63.8241	61.3026	60.8166	56.4631	59.4789	NaN	71.3159	62.9875
91	60.8013	67.6063	NaN	61.7271	59.1086	59.6083	58.2547	54.0476	59.2567	NaN	72.6791	59.058
93	61.3952	69.9077	NaN	61.2733	54.04	54.2752	56.7526	49.8553	56.7523	NaN	72.1142	58.0354
94	60.744	67.3624	NaN	63.4117	52.7183	45.6572	54.8832	50.1594	51.5693	NaN	70.6456	57.1895
95	66.97	67.2814	NaN	67.0567	58.8436	50.8044	59.2101	57.0394	56.565	NaN	74.1651	60.4643
96	72.8218	69.9793	NaN	71.383	68.9445	46.1831	66.1482	59.3423	60.5958	NaN	77.4711	64.4361
97	76.423	70.691	NaN	75.4348	70.8484	69.2996	73.1573	61.5279	60.1534	NaN	78.9598	68.6696
98	78.11	72.922	NaN	78.4073	72.371	74.414	75.0407	64.1355	73.7103	NaN	80.0184	73.6089
99	79.1465	74.0733	NaN	79.4986	73.2896	74.3248	75.1132	72.2661	75.6399	NaN	81.0678	79.5572
100	79.9362	75.0844	NaN	79.7441	73.8697	74.5856	75.1723	74.8925	76.5648	NaN	81.337	83.6236
101	80.5505	76.3211	NaN	79.7925	74.3637	75.0839	75.2313	75.3915	76.9572	NaN	80.8374	84.5768
102	80.0906	77.0527	NaN	79.7611	74.7454	75.3789	75.2091	75.9255	76.4933	NaN	80.1452	83.8114
103	79.6259	76.6451	NaN	79.0374	74.6883	75.3045	75.1378	76.5509	75.9903	NaN	79.5644	81.0035
104	79.1789	78.075	NaN	78.4006	74.3228	75.0589	74.9469	77.1763	75.1933	NaN	79.3907	79.6596
105	78.7783	78.9845	NaN	77.8261	73.8518	74.5002	74.6742	77.7914	74.793	NaN	79.3918	78.8492
106	78.4259	78.4141	NaN	77.3503	73.7766	74.0262	74.4016	78.4057	74.6779	NaN	79.2559	77.598
107	78.0989	78.5776	NaN	76.8745	74.1667	73.6525	74.3243	78.887	75.2438	NaN	79.0556	76.9096
108	77.4357	78.665	NaN	76.2757	74.1774	73.7961	74.5249	79.1981	75.8096	NaN	79.0135	75.6824
109	76.6981	78.4969	NaN	75.677	74.1747	74.5051	74.7568	79.9172	76.2006	NaN	78.7586	74.6335
110	75.967	79.6622	NaN	75.224	74.7555	75.7358	75.0855	81.4027	76.8719	NaN	79.5903	74.9893
111	75.4886	78.2341	NaN	75.5391	75.2995	76.7307	75.5037	81.7934	77.7777	NaN	80.3673	76.1569
112	75.747	77.9097	NaN	75.8541	75.8058	77.3267	76.0695	82.7389	78.4898	NaN	80.6491	76.8479
113	76.2147	74.2457	NaN	76.4967	76.9336	77.987	76.5392	83.7216	79.9715	NaN	79.8821	77.8286
114	77.3779	74.0302	NaN	77.7119	78.3556	78.9338	77.1701	84.3975	81.8028	NaN	81.4885	79.6257
115	77.3604	74.8494	NaN	78.1509	78.4948	79.0535	77.2991	84.2245	82.1123	NaN	81.8872	79.6687
116	73.8358	72.7261	NaN	75.2537	75.9983	75.8751	75.3735	78.9828	78.9381	NaN	79.8828	76.6804
117	70.4205	69.9325	NaN	72.2253	74.1419	73.836	74.5138	74.1708	76.3044	NaN	78.9275	76.3255
118	67.3673	69.748	NaN	69.5793	72.727	73.297	74.4339	73.6366	76.2197	NaN	78.5029	76.2796
119	65.3427	68.6364	NaN	68.162	71.4252	73.5118	74.3285	73.8818	75.5487	NaN	78.3463	75.5985
120	64.815	69.437	NaN	67.8667	70.8164	74.6099	74.2053	74.3195	75.0892	NaN	78.2815	75.1653
121	65.3239	70.5915	NaN	67.8026	70.6095	74.328	74.1811	74.8812	74.6976	NaN	78.1524	74.3027
122	65.8327	69.9949	NaN	68.0417	70.7636	72.9414	74.2543	74.9083	74.3714	NaN	77.979	72.987
123	66.3416	68.7123	NaN	68.3266	71.0093	72.1585	74.3275	74.8956	74.0451	NaN	79.696	72.8236
124	67.542	68.53	NaN	68.7111	71.2366	73.1754	74.7237	74.8828	73.5056	NaN	82.5132	72.6054
125	68.8051	69.9088	NaN	69.5123	71.4584	73.6	78.9048	74.4749	73.2362	NaN	82.4005	72.8385
126	70.0681	71.2284	NaN	70.5378	71.6802	74.8277	78.341	73.9388	73.2499	NaN	82.2969	74.6052
127	71.3697	71.8295	NaN	71.5633	72.0249	75.7057	78.6072	73.7162	73.6411	NaN	82.0722	76.5359
128	72.6789	72.3801	NaN	72.332	72.5228	76.5824	78.7619	73.708	74.9871	NaN	81.7063	76.093
129	73.7058	72.0263	NaN	72.5341	72.558	77.4592	78.5092	73.6325	77.2712	NaN	81.9869	76.6164
130	74.6218	71.3585	NaN	72.7361	72.2285	78.3359	79.6678	72.8902	78.844	NaN	80.9243	77.3315
131	75.1426	71.4594	NaN	72.1479	71.4715	78.2014	77.3145	73.3367	79.9255	NaN	78.9876	82.3019
132	75.1142	NaN	73.4229	72.0936	71.7792	77.7113	76.1714	73.4114	79.4119	NaN	78.1823	90.521
133	74.5602	NaN	76.8877	72.2476	72.8599	79.5127	77.2006	74.3371	79.8643	NaN	83.4879	92.9204
134	73.5507	NaN	79.1489	72.4033	73.0021	80.7801	79.2351	74.8389	81.1972	NaN	91.7674	91.5638
135	71.9392	NaN	79.5083	72.7514	72.3798	81.291	81.9408	74.2478	84.7397	NaN	82.1025	81.8677
136	70.0599	NaN	79.4373	73.7058	72.266	80.586	82.8447	74.183	85.5431	NaN	85.3504	84.3343
137	68.1212	NaN	77.8425	74.0592	72.6694	78.4284	84.6544	73.9206	85.6608	NaN	85.4422	85.5179
138	66.2665	NaN	78.8622	73.6136	74.6406	83.004	82.1648	72.2244	83.1804	NaN	88.088	86.8296
139	65.2571	NaN	79.5976	71.1544	77.3282	84.9062	82.2807	71.1709	85.073	NaN	87.3567	84.2031
140	65.8739	NaN	82.5022	71.4102	82.6409	87.5549	85.2103	71.744	89.0326	NaN	92.7739	87.6403
