NaN	1911	1928	1949.1753	1959.5589	1963.8877	1967.3507	1971.1014	1975.2822	1982.9288	1988.0874	1996.6421	2005.9973	2015.1589	2021.6247
NaN	NaN	NaN	2.4927	3.0411	2.4927	2.2124	2.4882	2.4000	3.1831	2.4188	2.1327	2.4214	2.2045	2.0082
0	NaN	NaN	42.5928	39.8892	42.6114	42.4292	42.3512	42.6108	42.6242	42.6242	42.5176	42.5176	42.5176	42.2703
1	NaN	NaN	47.8894	45.1201	46.4301	46.3431	46.3208	46.2204	46.2043	46.2043	46.2552	46.2552	46.2552	45.7611
2	NaN	NaN	46.1787	47.5534	45.6966	45.8636	46.0841	45.9723	45.9267	45.9267	45.8891	45.8891	45.8891	45.5190
3	NaN	NaN	43.8984	45.6491	45.6482	45.6622	45.8474	45.8171	45.6101	45.6101	45.191	45.191	45.191	45.0786
4	NaN	NaN	45.8279	44.5412	44.6118	44.419	44.4455	44.4579	44.4946	44.4946	44.6201	44.6201	44.6201	42.4234
5	NaN	NaN	44.9061	44.2748	42.4964	44.5029	44.4531	44.4778	44.4182	44.4182	44.4725	44.4725	44.4725	44.5802
6	NaN	NaN	43.7139	43.8772	42.6063	44.5298	44.5588	44.5577	44.5626	44.5626	44.5416	44.5416	44.5416	44.3286
7	NaN	NaN	43.1104	43.7163	42.4721	44.1784	44.1418	44.2106	44.4598	44.4598	44.4818	44.4818	44.4818	44.3190
8	NaN	NaN	43.5605	44.0624	42.1485	42.6867	44.0863	42.6966	42.6407	42.6407	42.5468	42.5468	42.5468	42.2864
9	NaN	NaN	41.8097	43.2988	41.166	42.391	43.1837	40.844	40.953	40.953	40.9347	40.9347	40.9347	41.0207
10	NaN	NaN	41.5665	43.7563	39.0423	40.3647	42.454	40.2154	40.3243	40.3243	40.2907	40.2907	40.2907	40.0716
11	NaN	NaN	44.6433	42.0908	39.4884	39.4572	41.3026	41.1063	41.083	41.083	41.176	41.2094	41.2094	39.8093
12	NaN	NaN	42.7138	39.3342	39.9931	40.1747	40.4728	39.1654	39.2752	39.2752	38.9043	39.1806	39.1806	38.8459
13	NaN	NaN	48.3706	43.194	41.2409	41.2364	41.3365	41.2805	41.2916	41.2916	41.0639	41.1596	41.1596	38.3905
14	NaN	NaN	44.7854	41.7334	37.9337	41.3092	41.3672	41.3723	41.334	41.2648	41.2799	41.4758	41.4758	38.0726
15	NaN	NaN	41.9822	42.8269	37.696	41.0878	41.2876	41.2338	41.2142	40.994	39.1741	39.1463	39.1463	37.8226
16	NaN	NaN	42.9678	39.8024	37.4568	40.5801	40.2965	40.4435	40.4884	40.5429	42.1576	42.2824	42.2824	37.9399
17	NaN	NaN	43.6054	43.4511	35.7118	42.1564	40.491	40.5998	40.5881	40.5626	42.4241	42.4624	42.4624	39.8924
18	NaN	NaN	43.7058	43.2149	37.8505	40.9122	40.8404	40.8445	40.7479	40.7474	38.73	39.7416	39.7161	39.1421
19	NaN	NaN	41.2483	42.5334	39.4043	40.4938	40.2904	40.4456	40.3963	40.3438	39.2803	39.632	39.5844	39.4785
20	NaN	NaN	59.779	59.5795	55.7574	57.0509	57.0241	55.8972	55.7893	55.7823	55.5023	55.7008	55.0355	55.7054
21	NaN	NaN	64.6998	62.0061	58.5918	61.4184	62.2636	61.301	61.2551	61.2551	60.7066	57.2529	56.0966	58.3913
22	NaN	NaN	69.6698	67.0737	64.0874	66.8737	66.8489	66.8862	67.5086	67.5966	64.6452	61.6827	58.8678	61.4158
23	NaN	NaN	74.2978	73.3057	69.753	71.7819	71.8859	71.8378	71.7173	71.9382	67.4385	62.8761	60.141	61.3117
24	NaN	NaN	81.5546	80.1969	71.2075	77.6209	77.492	75.4967	75.2613	75.2478	62.3391	60.7083	59.5648	63.7437
26	NaN	NaN	69.6879	68.7884	60.7049	65.6539	65.4871	63.8781	63.8115	64.0525	49.3347	43.4478	43.9955	49.5983
27	NaN	NaN	70.7503	71.3508	62.0416	67.8083	66.0856	63.8364	63.285	60.8057	47.2971	38.7891	37.6547	39.4829
28	NaN	NaN	72.3669	71.9414	70.6412	69.0875	69.6871	65.7921	61.3983	60.9423	47.526	37.4046	35.9948	37.6654
29	NaN	NaN	74.9185	75.5347	73.7737	73.6184	71.8651	68.7884	63.6042	64.9531	56.553	44.3858	37.043	47.9958
30	NaN	NaN	77.4308	77.1512	75.9841	76.547	73.7848	75.9291	68.0077	66.564	51.102	45.6673	44.7217	43.7554
31	NaN	NaN	80.6399	80.6045	76.8344	78.1759	77.3106	74.1658	65.4548	60.4889	49.5844	39.0252	29.4777	32.0223
33	NaN	NaN	89.6291	89.6217	85.9131	87.1942	86.2925	82.9683	73.2343	68.9813	56.5414	44.2418	33.6059	38.2130
34	NaN	NaN	84.6315	84.0843	83.0513	84.2948	82.687	77.7151	65.4608	64.2333	53.3324	42.556	32.0629	34.8699
35	NaN	NaN	79.8028	79.0716	77.7915	80.3973	79.5409	75.5562	61.2259	61.1089	52.4388	50.5978	39.6592	46.4572
36	NaN	NaN	74.6331	74.7055	74.5982	76.2955	74.7197	75.3453	63.1811	60.4216	47.0547	46.5711	35.4807	41.4637
37	NaN	NaN	70.3769	70.3302	71.8385	73.7532	75.1948	67.8995	59.3562	54.7347	49.3922	50.3035	47.0148	51.3023
38	NaN	NaN	63.7494	63.4692	66.1823	67.3369	66.0087	66.8639	57.3241	52.3505	53.4522	56.476	58.4644	57.1887
39	NaN	NaN	58.1209	59.2077	61.9541	61.1139	59.9849	62.8586	61.7336	52.5478	48.6015	43.0344	47.5792	49.7296
40	NaN	NaN	52.4302	54.2993	56.2445	55.2031	53.725	56.3958	56.2164	50.8275	40.3233	40.9218	44.4757	44.9414
42	NaN	NaN	42.3127	44.5923	44.3352	42.6245	40.6386	40.3145	44.8503	41.8183	33.1253	30.0967	26.449	25.0755
43	NaN	NaN	44.6769	47.6176	49.8978	45.756	47.0839	45.0499	50.4431	43.059	36.0598	35.5856	30.5081	29.9374
44	NaN	NaN	45.9677	50.2198	49.2379	47.239	47.335	47.4967	51.7526	48.0557	38.5334	37.7553	32.1794	33.4324
45	NaN	NaN	48.134	51.1243	50.553	49.0069	48.9135	49.1259	52.4753	50.7761	46.5156	43.9493	44.6331	41.8823
46	NaN	NaN	50.3708	51.334	51.7416	50.7748	50.7835	50.8265	53.198	52.8065	47.6175	47.6728	45.2803	44.9292
47	NaN	NaN	51.8477	54.8487	54.119	57.4222	56.7611	56.5507	58.955	54.6781	51.8167	47.6126	44.9214	45.2568
48	NaN	NaN	54.0058	57.8102	55.674	54.1791	54.3386	54.1593	58.8422	55.3121	48.9557	49.3457	45.4375	45.4820
49	NaN	NaN	55.6959	60.4724	65.2275	65.2268	62.7818	60.3482	60.9938	58.0243	53.8545	53.148	46.7028	46.7270
50	NaN	NaN	56.8438	63.1225	65.5457	65.9031	64.0699	59.6904	63.3277	60.2314	55.1521	54.0181	50.955	49.9038
51	NaN	NaN	55.9675	61.5367	59.8877	58.4081	58.8089	58.8966	62.4129	57.3818	50.8699	54.4699	50.9219	48.3010
52	NaN	NaN	56.2026	59.9995	59.4887	58.5966	59.5546	59.6023	61.4981	59.1808	58.5906	57.7129	52.3779	50.2912
53	NaN	NaN	55.7235	60.5613	58.6811	59.9532	58.0071	58.1559	60.2951	56.2735	51.3792	49.5875	46.5653	45.7624
54	NaN	NaN	56.5554	59.7386	56.3095	57.7187	57.5452	57.9712	58.9842	53.6317	50.8926	46.7385	47.0281	47.9139
55	NaN	NaN	57.8085	59.7556	55.4335	59.7245	57.2635	61.0444	56.3473	49.7293	44.7726	46.3764	47.9941	50.0375
56	NaN	NaN	59.3482	62.5403	56.3623	56.4445	56.5123	56.5138	55.4056	49.2523	44.3583	47.584	51.5579	56.5333
57	NaN	NaN	58.6063	60.0332	55.5429	55.4473	55.5041	55.4653	54.808	50.1459	40.9994	44.8652	52.6051	55.5945
58	NaN	NaN	57.946	56.1881	56.0208	56.0045	56.1156	55.9921	53.9741	45.6614	37.7313	42.1286	53.7133	54.2799
60	NaN	NaN	66.2428	65.1834	64.811	64.7816	64.332	64.4774	60.5384	55.644	45.9048	50.4226	63.7549	63.1355
61	NaN	NaN	62.2436	61.4688	61.405	61.3524	59.8867	60.0793	55.5761	49.0774	42.8426	46.9568	61.3322	59.0651
62	NaN	NaN	62.7503	57.4445	58.0233	58.6129	54.5355	51.228	52.8539	46.0187	40.9321	45.2871	58.9094	55.3968
64	NaN	NaN	69.5183	68.5855	64.644	66.1125	61.7149	66.3973	59.1327	51.0733	42.0018	52.9173	65.1503	61.7759
65	NaN	NaN	59.5281	59.3378	56.7918	57.6581	54.9738	56.9112	51.9214	44.3352	36.0701	48.8884	57.4677	55.6181
66	NaN	NaN	52.3215	51.0818	50.0011	51.1946	49.4122	49.3179	45.2323	37.2305	34.0862	47.653	50.642	48.3885
67	NaN	NaN	51.2917	47.3346	45.9893	46.8148	44.7002	46.7158	41.6013	37.3698	34.5004	46.7652	46.7652	45.8222
68	NaN	NaN	46.5639	45.1784	43.8741	44.0584	41.6439	44.1537	39.5957	38.0231	34.5082	44.3767	44.3767	43.4985
69	NaN	NaN	44.4465	39.9503	40.3423	43.3742	38.3876	41.8142	38.2407	35.0288	33.8226	41.9817	41.9817	42.2534
70	NaN	NaN	41.5602	35.9548	38.6047	41.4375	35.4049	39.6523	38.8382	34.6649	32.9275	39.5837	39.5837	39.9876
71	NaN	NaN	46.3298	30.5706	37.1471	41.6046	33.2116	41.5334	39.2161	36.5544	33.7694	38.8758	38.8758	38.3827
72	NaN	NaN	45.954	32.231	37.1869	42.2555	44.661	44.0115	42.6925	37.5587	34.5101	40.2913	40.2913	39.5824
73	NaN	NaN	41.8077	33.5978	37.2438	38.5236	38.5966	38.6578	43.5727	36.9195	40.1226	40.0999	40.0999	39.0873
74	NaN	NaN	40.7983	31.206	34.8728	40.6528	37.9189	38.8723	39.5542	37.8463	40.8601	40.8194	40.8194	38.5497
75	NaN	NaN	40.4872	28.5432	34.1245	38.8578	38.0024	39.5738	38.2264	36.763	41.5976	41.5389	41.5389	40.7507
76	NaN	NaN	41.9791	29.8062	34.3821	38.3886	36.6017	34.9904	37.5736	34.4524	42.335	42.1641	42.1641	42.3567
77	NaN	NaN	43.4641	30.018	34.1462	37.8214	36.2388	34.226	37.4038	33.9974	44.3127	43.0782	43.0782	43.5178
78	NaN	NaN	42.8999	31.0058	33.1293	36.5861	33.6408	30.0062	37.2341	37.1201	47.4272	45.1165	45.1165	45.2339
79	NaN	NaN	44.0427	31.5123	33.2646	37.789	31.5244	29.4209	39.1853	36.9315	47.7182	47.6925	47.6925	47.6287
80	NaN	NaN	45.6905	33.3638	34.895	36.7103	27.5475	29.0615	38.8648	36.9014	47.2289	47.229	47.229	40.8768
83	NaN	NaN	54.5098	42.0696	43.3518	42.6411	36.3647	38.7319	43.6935	41.6244	50.6543	50.8824	50.8824	46.5561
84	NaN	NaN	57.7422	46.1478	47.7517	45.0394	39.4639	39.232	47.2329	43.2905	53.4406	53.5211	53.5211	50.6264
85	NaN	NaN	60.0941	61.4934	51.159	47.7019	40.7532	41.7641	51.8133	46.9039	58.7069	58.7772	58.7772	55.6428
86	NaN	NaN	64.9959	65.3985	56.8	48.4427	41.1994	42.6892	63.7253	61.8357	62.5224	62.4521	62.4521	58.9861
87	NaN	NaN	68.1875	65.9139	58.0214	48.1353	41.7545	44.9849	62.0562	56.9174	63.6969	63.6537	63.6537	60.0419
88	NaN	NaN	58.0579	59.2512	57.2896	48.0604	41.215	40.5123	60.3872	59.4925	59.5658	59.5658	59.5658	59.6433
90	NaN	NaN	50.1097	51.4165	49.58	40.47	33.2001	34.376	54.1104	52.0955	52.1564	52.1564	52.1564	52.0582
91	NaN	NaN	52.9621	53.4623	48.7825	39.7623	33.9158	34.6547	57.5403	54.5711	54.5322	54.5322	54.5322	59.1120
92	NaN	NaN	63.4223	NaN	47.8765	36.9477	32.949	34.8323	58.4633	62.9661	63.1435	63.1328	63.1328	64.1622
94	NaN	NaN	92.4208	NaN	73.3738	63.5618	53.9774	61.8417	91.2191	95.4794	95.6024	95.5366	95.5366	96.6118
95	NaN	NaN	87.5659	NaN	65.9677	51.1674	41.3974	53.0471	83.6929	90.5942	85.1256	85.2297	85.2297	84.1094
96	NaN	NaN	89.1196	NaN	63.4089	47.7394	37.173	51.1299	79.8482	92.5	83.9731	92.5119	92.5119	90.3284
97	NaN	NaN	81.9607	NaN	65.1564	46.4133	37.2113	53.0276	82.0619	82.9918	82.8159	82.8464	82.8464	82.3573
98	NaN	NaN	87.3844	NaN	63.2037	46.0032	38.3115	56.6717	84.3451	84.2622	81.6572	81.6422	81.6422	80.8856
99	NaN	NaN	84.1254	NaN	64.4002	50.7004	42.0173	59.4524	81.2916	81.0509	80.6523	80.6871	80.6871	80.7124
100	NaN	NaN	85.6461	NaN	68.3837	56.8964	47.7085	63.4841	80.1982	80.1591	80.2691	80.2862	80.2862	79.7423
101	NaN	NaN	85.0967	NaN	77.7475	72.242	66.3557	73.5451	82.5248	82.5919	83.6328	83.5868	83.5868	82.8792
102	NaN	NaN	83.7038	NaN	77.2059	67.1414	69.7048	70.9796	84.2763	84.1696	84.2103	84.3712	84.3712	78.9277
103	NaN	NaN	87.419	81.7547	72.75	67.6916	64.7516	73.4125	80.8733	80.9634	80.7405	80.7594	80.7594	79.4239
104	NaN	NaN	89.392	81.7382	71.8063	68.5729	63.3016	75.8524	81.2402	81.3138	81.1766	81.2155	81.2155	80.8718
105	NaN	NaN	86.4899	81.9958	73.8225	72.8477	67.5715	79.1523	81.6071	81.6643	81.6127	81.6716	81.6716	78.0146
106	NaN	NaN	84.2548	92.6403	77.5757	76.66	68.6642	81.9057	81.974	82.0148	82.0488	82.1277	82.1277	77.8094
107	NaN	NaN	82.5914	NaN	78.498	84.3311	74.1699	84.3311	84.3376	82.2218	82.3402	82.3746	82.3746	82.2573
110	NaN	NaN	62.9623	NaN	64.6782	66.3991	63.1425	66.4318	66.4607	66.5295	66.4995	66.5301	66.5301	63.8957
111	NaN	NaN	61.0939	64.9564	63.2433	63.3776	63.1483	63.4041	63.491	63.5823	63.6084	63.5952	63.5952	61.1711
112	NaN	NaN	59.5579	65.0413	64.3392	62.5302	62.181	62.7207	62.8465	62.888	63.0319	63.0787	63.0787	61.2731
113	NaN	NaN	58.551	62.8327	64.3825	63.3805	63.2199	63.4908	63.5611	63.5629	63.6413	63.6629	63.6629	61.7455
114	NaN	NaN	56.5748	60.1853	63.7272	64.2309	64.2587	64.261	64.2757	64.2378	64.2507	64.247	64.247	61.8546
115	NaN	NaN	55.561	57.0033	61.0037	59.5737	59.3568	59.5616	59.5618	59.5548	59.6873	59.6746	59.6746	57.7807
116	NaN	NaN	54.9135	54.9347	54.8896	54.8707	54.2753	54.4257	54.5056	54.4826	54.676	54.676	54.676	53.3743
118	NaN	NaN	35.1503	35.278	35.3004	35.4724	34.4877	34.5772	34.6057	34.5627	34.7005	34.7005	34.7005	33.8056
119	NaN	NaN	35.7725	36.0276	36.129	36.211	35.0643	35.0848	35.0538	34.9864	35.0633	35.0633	35.0633	32.6435
120	NaN	NaN	31.3069	31.5362	31.6357	31.5001	31.473	31.5327	31.4515	31.3635	31.3632	31.3741	31.3741	27.2022
122	NaN	NaN	18.0722	17.9494	17.8998	17.9806	17.6934	17.9001	18.0033	18.1257	18.1667	18.1667	18.1667	17.3517
124	NaN	NaN	32.4891	NaN	32.3801	32.3933	32.623	32.1801	35.8207	35.9127	36.1023	36.1115	36.1115	35.4559
125	NaN	NaN	29.0053	NaN	29.0281	29.0328	29.0909	29.1137	30.5001	30.4572	30.499	30.4163	30.4163	29.9241
126	NaN	NaN	21.0384	NaN	20.9256	20.9092	21.1717	20.9672	20.9883	21.0346	20.8596	20.7963	20.7963	18.9317
