NaN	1911	1928	1949.1753	1959.5589	1963.8877	1967.3507	1971.1014	1975.2822	1982.9288	1988.0874	1996.6421	2005.9973	2015.1589	2021.6247
NaN	9.5280	8.3869	4.7414	5.0513	4.7414	4.6002	4.7868	4.6933	5.2707	4.7511	4.4886	4.6327	4.5231	4.4307
0	27.007	28.5365	21.7729	20.8992	23.7235	22.2703	29.7323	19.9509	42.6242	42.6242	42.5176	42.5176	42.5176	42.2703
1	32.8275	34.8013	20.5966	21.7628	25.1197	22.4691	28.7195	23.0484	46.2043	46.2043	46.2552	46.2552	46.2552	45.7611
2	38.7544	34.7073	21.1628	22.7629	26.1388	24.9963	28.6219	23.9335	45.9267	45.9267	45.8891	45.8891	45.8891	45.5190
3	41.3248	32.9839	20.2576	23.532	27.0542	25.4903	28.568	23.4113	45.6101	45.6101	45.191	45.191	45.191	45.0786
4	39.3873	31.6235	19.9688	24.2452	27.3587	24.7304	26.4182	22.4093	44.4946	44.4946	44.6201	44.6201	44.6201	42.4234
5	41.1994	29.6512	19.4351	24.9387	27.4111	23.6003	26.8769	23.2771	44.4182	44.4182	44.4725	44.4725	44.4725	44.5802
6	41.5262	28.8633	20.3491	25.4581	27.3606	24.1297	27.22	23.5623	44.5626	44.5626	44.5416	44.5416	44.5416	44.3286
7	40.7686	27.3913	20.5525	25.9775	27.5767	24.0843	27.0116	23.222	44.4598	44.4598	44.4818	44.4818	44.4818	44.3190
8	40.1219	26.5217	19.5947	26.4458	27.0664	23.8935	26.713	23.0455	42.6407	42.6407	42.5468	42.5468	42.5468	42.2864
9	39.6151	26.5965	18.6375	25.7152	26.3457	23.5222	26.0374	22.5715	40.953	40.953	40.9347	40.9347	40.9347	41.0207
10	39.7714	26.9774	19.7852	25.1383	25.4119	22.7489	24.8299	22.0383	40.3243	40.3243	40.2907	40.2907	40.2907	40.0716
11	39.973	27.0552	20.9759	24.5702	24.7108	22.1365	23.9937	21.048	41.083	41.1853	41.1822	41.3034	41.2094	39.8093
12	40.1746	26.9056	21.5417	23.9527	24.1168	22.7768	23.787	21.5728	39.2752	39.1067	38.9189	39.0636	39.1806	38.8459
13	40.3762	27.614	22.3521	23.3588	23.694	22.6977	23.7776	22.6781	41.2916	41.3087	41.0998	41.295	41.1596	38.3905
14	40.5778	27.5587	23.3981	22.8138	23.2282	22.5317	23.7058	22.8435	41.2638	41.2976	41.2567	41.5291	41.4758	38.0726
15	40.7794	27.1891	22.8129	22.4504	22.7171	22.0953	23.4084	22.6081	37.7184	40.9454	34.3763	36.1723	39.1463	37.8226
16	41.0175	24.7704	22.5567	22.052	22.2187	21.7407	22.1651	21.9792	33.665	40.2912	31.9346	32.9651	42.2824	37.9399
17	41.6596	23.5917	22.8177	21.568	21.7736	21.1584	22.257	20.8269	30.9692	40.5875	29.3674	30.0653	42.4624	35.1845
18	42.3016	22.071	23.3456	21.7645	21.3285	20.7007	23.3197	21.581	29.7202	35.8625	27.8245	28.0547	39.6599	32.2705
19	42.6573	20.8126	23.8396	22.0371	21.1257	20.2664	24.2965	22.747	29.1434	35.1032	26.8812	25.8917	39.4796	30.1926
20	61.0089	35.7835	39.8208	38.0895	36.4796	35.2278	40.0091	38.4492	44.3741	49.0519	41.3222	37.8387	47.2384	43.9052
21	67.707	39.7981	45.7927	44.6343	41.6227	40.6752	45.1779	42.3429	48.8277	51.1683	44.3109	41.8257	47.6492	44.9409
22	73.3574	46.6443	51.3842	50.6633	46.7657	47.2101	51.4286	49.2596	52.7052	53.1001	47.3768	42.8264	47.0611	45.3146
23	79.0078	54.5342	55.327	56.8007	52.0132	51.6509	55.0716	50.7377	56.1314	54.4836	48.7271	43.4687	44.6089	43.9657
24	84.6582	64.2599	61.8457	63.624	58.5424	56.9518	61.3288	54.3862	60.6934	55.1195	49.8744	43.2988	39.9599	41.9673
26	71.9734	53.3288	52.2389	53.6045	48.3145	46.4792	51.1114	43.6913	49.0943	42.0102	36.3276	24.7938	18.5383	22.5799
27	70.2504	55.2861	54.4516	54.9714	49.8715	48.206	51.9923	44.0304	47.68	40.3024	33.7635	18.502	8.77731	14.6552
28	68.2513	58.6908	56.8874	56.6235	52.0381	49.4322	53.4033	46.7096	48.0336	39.5067	32.5478	18.7843	3.13446	8.8640
29	69.7562	63.6786	58.9891	59.0922	54.2528	52.0891	54.6565	48.2695	48.6672	39.1544	32.0914	20.3005	0.983366	5.8947
30	73.2471	69.5941	60.8244	61.3411	57.4194	53.868	53.8386	48.6581	49.3008	35.9526	32.2921	23.2182	-1.29859	3.4255
31	76.9349	73.6044	62.4536	65.6191	62.0438	58.1688	59.3228	51.0758	50.137	38.8797	33.7605	18.9284	-3.3375	3.9201
33	86.1238	82.7146	71.1911	74.5697	71.2864	68.1448	68.8049	58.8267	57.6427	44.5792	41.8731	19.1436	2.78343	13.1702
34	80.8431	76.6127	67.0063	70.2783	68.0984	65.9755	66.1519	53.7082	52.0119	41.1363	38.5349	19.6109	5.85652	12.7834
35	77.0577	70.8951	62.6932	66.1422	64.7777	63.0495	63.4464	49.1517	47.9032	38.5719	34.6293	24.6455	9.7749	14.3583
36	71.7399	65.6149	57.462	61.0766	61.4126	60.2157	60.755	45.5764	45.8529	35.0777	32.1326	23.2474	12.4048	17.4737
37	66.3544	60.3516	52.2564	55.4074	58.0928	57.5023	57.0791	41.8894	44.0482	31.3608	31.1629	21.1651	14.9043	18.7679
38	60.4532	55.5971	47.0859	49.2039	54.8432	55.2747	55.4123	38.5746	41.1836	29.1115	30.4081	23.8557	15.2483	18.6431
39	53.3125	51.328	41.5354	43.5311	51.7007	54.743	52.2411	36.2553	38.3252	28.5837	28.7265	22.2703	14.6566	16.9990
40	46.0839	46.5071	36.5767	38.3761	48.7741	55.1044	48.337	34.1753	35.5857	29.1519	26.6789	22.6022	14.2265	15.5900
42	31.9346	33.1557	25.4455	28.3181	40.1085	42.5381	40.5995	24.6875	27.1654	20.9569	18.1035	13.4006	5.49473	7.0435
43	32.6588	35.0994	27.5602	31.749	44.232	45.8286	47.0839	27.4485	30.893	24.7065	22.6282	17.6286	10.064	11.5077
44	33.4897	37.4527	29.8566	34.5588	47.009	47.1541	47.335	30.5287	34.101	26.3733	26.2299	21.1732	13.5663	15.9581
45	36.4505	39.2772	30.7025	35.842	49.3142	46.1602	48.9135	34.18	37.1189	28.0401	27.3372	22.4235	13.6538	18.7178
46	39.2912	40.4752	31.3778	37.5887	51.7858	44.8097	50.7835	36.4664	40.1226	27.7178	28.6981	23.7359	15.5974	21.4060
47	42.0513	41.1415	32.6391	40.8049	54.1027	44.8384	55.292	37.466	41.9052	26.6283	31.5312	26.7095	19.6045	26.1037
48	44.6627	40.959	35.8198	44.5936	55.5982	44.875	53.5638	39.5142	43.2759	27.4207	34.8951	31.282	25.1692	29.2536
49	47.2509	41.8182	38.328	47.138	55.8175	46.4522	53.2392	40.9978	43.5363	33.8845	37.8152	34.814	27.6292	30.5850
50	49.8082	43.3841	40.2412	47.9388	57.4601	47.2391	53.4496	40.3467	43.4642	33.4192	38.9071	35.5334	27.4594	31.6426
51	52.3927	44.1259	40.2045	47.7924	57.829	47.9213	52.7911	38.8647	42.9266	28.0618	37.7575	33.711	25.7585	31.5818
52	54.0624	45.181	39.3929	47.6262	54.4695	48.8622	50.7519	37.0857	41.8672	24.6632	34.5315	30.6442	24.87	33.2396
53	53.952	45.3621	39.3244	47.4245	52.6372	49.0255	48.3505	36.3641	40.9347	21.4689	32.5475	29.9419	26.7417	34.8456
54	52.8112	46.741	39.8573	47.2228	50.7776	48.8879	47.4883	36.2223	40.5197	25.355	32.0131	31.1058	32.5312	37.8882
55	50.8485	46.9024	40.8873	46.7524	51.0658	48.2546	47.0601	36.226	40.1047	31.5773	31.3945	31.4683	37.5761	42.1575
56	48.8858	47.347	40.7879	45.578	50.6001	47.8469	46.6422	36.2285	39.2593	31.3939	29.9216	29.6704	39.651	44.5038
57	46.9231	46.1409	40.2834	43.6051	48.9722	47.8621	46.3714	35.1141	37.8201	28.4136	28.6731	27.4068	38.0616	48.0909
58	45.4868	44.2414	39.9346	40.7806	46.4228	47.3471	44.5661	31.5634	35.6549	20.7023	25.1952	24.3195	34.3528	51.7186
60	54.8862	52.9442	48.2789	48.0149	54.0954	56.1991	51.6311	36.6372	42.8443	26.0292	31.4842	32.9226	43.9847	63.1355
61	52.8168	47.5649	44.5476	44.2434	50.3236	52.9635	47.4638	30.4043	37.3206	22.0298	26.1708	34.6015	44.8611	59.0651
62	52.37	44.6274	42.6844	41.3753	47.9483	48.2451	44.1284	27.4059	32.5537	19.6388	22.2957	34.0759	47.4532	55.3968
64	60.059	50.0276	47.3139	46.368	52.0239	48.5426	48.0451	30.8397	35.8578	22.7019	25.8129	39.4186	55.8825	61.7759
65	53.4092	43.2731	38.5151	40.6045	41.5476	38.6758	37.9361	23.4904	27.6516	9.2502	21.5073	29.061	53.6322	55.6181
66	46.7586	37.6401	32.8678	35.5713	33.9595	33.6761	28.598	18.9405	22.9835	7.51309	20.831	26.2644	49.1253	48.3885
67	41.4281	32.862	28.8084	31.1324	30.4082	30.7558	25.0943	16.3538	21.9864	10.5375	21.7315	32.0652	46.7652	45.8222
68	37.6197	28.1978	26.2023	26.9671	30.055	28.7965	24.6501	14.7884	22.3259	13.2505	21.5482	41.1701	44.3767	43.4985
69	37.5175	25.9328	24.0638	22.8018	30.9159	26.879	25.7944	13.4968	22.8825	14.0971	20.4748	41.9461	41.9817	42.2534
70	36.8983	23.0394	22.2482	18.829	30.2423	26.5398	28.6251	13.4294	23.0467	10.4654	20.6344	39.6464	39.5837	39.9876
71	35.9796	21.9067	20.0761	16.245	28.5055	27.056	28.6607	13.0298	23.0836	8.14859	20.6012	38.933	38.8758	38.3827
72	35.0608	21.0367	19.1547	15.5138	25.0221	25.5625	26.9871	12.4259	22.7247	6.86969	21.4721	40.3089	40.2913	39.5824
73	33.9105	21.8958	18.1095	15.3359	23.6898	23.6632	25.408	11.7642	22.3657	5.67211	23.0299	40.0037	40.0999	35.3430
74	31.7038	23.9702	17.7446	15.6736	24.4038	20.935	23.4477	11.1076	22.5253	9.26694	25.3806	40.7623	40.8194	33.8951
75	30.3754	25.4727	17.3379	16.1517	24.9961	18.4031	20.8954	10.5347	22.9331	11.2681	28.5271	41.521	37.604	40.7507
76	29.0539	26.7359	17.2623	16.4026	25.334	16.338	18.6405	9.04863	22.9693	10.5686	33.6927	42.1641	37.5891	42.3567
77	27.7623	26.4063	17.2651	16.0376	24.5656	15.4627	16.5476	7.8636	22.9788	9.53448	37.3017	43.128	37.394	43.5178
78	26.4821	25.826	17.3792	15.3775	23.7466	14.5875	14.43	7.28668	23.2011	8.73322	40.5552	36.9459	37.4499	45.2339
79	25.2269	25.3787	17.7638	15.1044	23.0806	14.076	12.328	6.73705	24.2246	8.36746	41.9117	34.5728	37.1412	47.6287
80	23.9716	24.2836	18.0088	14.9202	23.0914	13.0008	10.4164	6.32307	25.2481	8.27444	42.5955	39.3149	39.3149	40.8768
83	32.5447	32.1142	26.2274	23.0203	30.8801	18.6719	15.8384	13.0928	34.2346	15.6823	46.7568	49.1795	49.1795	46.5561
84	39.3525	36.42	33.0745	29.1491	35.2107	20.6357	17.241	16.3673	40.2149	21.0196	53.425	53.5268	48.139	50.6264
85	45.7291	40.7622	40.7768	34.252	39.2375	22.3957	18.5426	18.9461	44.272	26.9666	58.6714	58.8337	50.5701	55.6428
86	49.1639	45.5913	46.1843	36.0915	41.1273	23.8114	19.3188	20.3149	47.2952	33.919	62.5255	62.4426	54.5143	58.9861
87	50.706	47.7588	50.1657	36.6802	42.9942	23.5306	19.1021	20.715	48.0838	41.5741	63.7396	63.6138	56.3522	60.0419
88	50.5302	48.4367	53.5	35.3371	40.5862	19.9956	17.4563	19.3051	47.4895	47.1437	59.5658	59.5226	56.9973	59.6433
90	44.7938	42.1695	47.4713	28.7272	31.4406	11.7159	10.345	12.0857	41.2657	44.4187	52.1564	52.0631	52.0631	52.0582
91	45.7267	44.4076	47.2203	29.2393	28.8064	9.76798	10.726	13.0386	43.9546	49.1589	54.5322	54.5284	54.6967	54.3768
92	45.222	46.5992	46.2389	NaN	23.2822	5.51478	8.41108	11.4154	46.2139	51.7974	63.1256	63.2048	58.1886	64.1622
94	77.5829	78.6936	79.9859	NaN	44.3043	19.8704	22.2241	33.2037	77.8698	83.0917	95.5336	95.5669	90.5773	96.6118
95	71.2619	71.8976	70.6976	NaN	36.317	12.645	10.8455	23.3998	70.1727	67.5166	85.0384	85.14	84.5249	84.1094
96	66.404	68.4436	64.9852	NaN	32.3536	9.90602	8.79006	21.2612	63.4612	58.4773	83.8981	84.0184	83.5745	83.5594
97	64.8329	69.7205	63.7473	NaN	31.745	10.703	13.2148	25.2204	64.2537	58.9584	82.7578	82.8701	82.8701	82.3573
98	64.2732	72.3729	64.8204	NaN	33.2631	14.0534	19.5211	29.3159	68.2084	62.1037	81.6274	81.7136	81.7136	80.8856
99	61.3499	72.8811	65.0487	NaN	38.5535	17.5602	22.9819	33.5342	69.77	64.9996	80.6523	80.6962	80.6962	80.7124
100	57.7041	72.6892	65.4985	NaN	42.1921	21.0121	23.9023	38.1033	70.3415	69.1308	80.2691	80.2611	80.2611	79.7423
101	53.9224	71.4494	67.0336	NaN	43.5209	24.6006	26.3649	42.6724	74.7582	74.6415	83.6325	83.862	79.7961	79.5445
102	54.6745	71.7101	68.7823	NaN	44.696	28.3958	31.7068	46.5264	82.3606	69.2919	84.1447	84.31	84.31	78.9277
103	57.6949	72.9585	70.7822	69.8925	50.1495	32.3134	37.0895	51.7507	80.8863	69.9556	80.7517	80.7762	80.7762	79.4239
104	61.4348	73.9808	72.0825	72.9303	54.157	35.9916	42.9291	56.0919	81.2844	69.5096	81.1475	81.2323	81.2323	80.8718
105	110.305	73.7676	70.5205	75.1408	58.1645	39.7597	44.3115	59.4377	81.6826	68.2311	81.5434	81.6884	81.6884	78.0146
106	67.9592	73.1634	67.2434	74.3587	61.4764	44.049	44.7779	60.6662	81.6184	64.633	81.9392	82.1445	82.1445	77.8094
107	63.5629	72.6423	60.9619	NaN	64.5178	49.3049	47.2336	60.2087	75.9144	62.1079	82.286	82.3954	78.3766	79.1905
110	47.7333	55.4865	42.6311	NaN	49.7903	41.3373	34.3262	44.5845	64.3877	46.3438	66.4635	66.464	66.464	63.8957
111	46.2353	53.2267	38.2121	46.3761	51.402	42.2473	35.1773	43.473	63.4263	46.9126	63.6491	63.5115	63.5115	61.1711
112	44.3744	51.8026	37.6252	47.2291	52.9845	42.46	37.1149	43.3592	62.8048	47.1262	62.9756	63.081	63.081	61.2731
113	40.7069	51.9386	37.4083	45.4734	53.4902	41.6078	37.961	43.6823	63.4876	46.8093	63.5995	63.6715	63.6715	61.7455
114	41.2496	51.8293	36.7966	43.8048	53.7651	40.6358	36.1033	44.0214	64.1705	45.3145	64.2235	64.262	64.262	61.8546
115	42.7833	48.8688	35.036	42.4674	53.5984	39.4786	34.5216	44.435	59.5239	42.8489	59.8876	59.5927	59.5927	57.7807
116	41.2586	44.6615	31.8647	39.6917	53.0148	37.5149	32.48	43.0893	54.3691	39.2339	54.7023	54.6052	54.6052	53.3743
118	21.7081	24.0434	11.3778	20.2123	33.7379	18.9537	13.3403	24.8999	34.4724	22.1196	34.7355	34.6716	34.6716	33.8056
119	23.6585	22.2031	8.53002	18.3973	31.6454	20.5767	13.5569	27.6841	34.9205	22.6166	35.1094	35.0822	35.0822	32.6435
120	24.0949	21.6815	4.78217	14.3039	31.6563	18.5146	12.5901	31.4014	31.4222	30.2517	31.4542	31.4417	31.4417	27.2022
122	30.0211	24.8686	0.863187	5.68267	17.8483	8.17353	10.6322	17.97	17.9142	18.2081	18.1095	18.1783	18.1783	17.3517
124	44.9086	43.3102	5.36184	NaN	11.4894	4.39881	12.8953	7.55872	17.3238	10.6606	16.5924	14.7721	16.6694	18.0911
125	26.0534	32.7677	6.24739	NaN	11.125	4.75741	10.3213	5.6308	17.6198	8.50438	14.9078	13.5003	13.4979	17.7892
126	15.7305	28.8373	5.22527	NaN	11.3351	4.75615	8.80635	8.13672	19.6183	7.42905	14.4406	9.57327	9.14767	16.8462
