NaN	1928	1933	1949.7425	1958.9041	1967.3096	1971.1014	1975.2822	1995.7041	2000.3716	2006.7781	2011.030137	2015.158904
NaN	9.0925	11.2571	8.1026	8.8855	8.1971	8.5562	8.0634	8.9278	8.2981	7.9763	7.9700	7.9697
0	39.5637	25.1444	44.6005	NaN	35.0053	33.9957	38.2399	37.7829	39.9418	42.0971	32.9881	NaN
1	50.3884	39.0276	56.0754	NaN	45.6504	42.6774	48.2673	51.8933	51.3687	54.0466	46.6316	NaN
2	57.5297	44.6586	61.6076	NaN	54.3695	51.0407	55.7648	59.3453	59.0862	60.422	55.4221	NaN
3	64.2865	50.3331	66.6214	NaN	61.8239	60.3139	63.1761	62.8905	65.3241	64.5017	61.2048	NaN
4	74.3675	59.6129	76.073	NaN	71.2134	69.2411	71.027	72.2838	73.6917	74.3332	69.1178	NaN
5	84.1358	71.1966	85.657	NaN	81.1744	77.154	79.4608	85.0576	83.8852	84.9496	78.5475	NaN
6	92.7845	77.9348	92.8383	NaN	89.6398	84.6246	87.9469	93.0837	92.5023	91.9547	86.9429	NaN
7	99.6234	84.3315	98.9259	NaN	96.4134	91.524	95.8362	98.9173	99.0107	97.5497	93.5585	NaN
8	103.77	88.8723	104.537	NaN	102.332	98.138	101.792	104.75	105.077	104.08	99.674	NaN
9	106.24	91.5494	109.714	NaN	106.93	103.15	106.023	109.514	110.302	108.452	105.604	NaN
10	108.851	92.3639	111.686	NaN	108.526	105.437	108.157	113.125	113.572	111.115	109.157	NaN
11	110.352	92.8854	111.917	NaN	109.006	106.753	108.412	112.262	114.054	113.285	110.57	NaN
12	110.11	95.3753	112.472	NaN	111.313	108.618	109.62	111.842	114.972	115.041	111.42	NaN
13	111.012	97.2556	114.019	NaN	114.678	111.086	113.643	113.91	118.098	117.258	114.466	NaN
14	114.75	102.341	119.514	NaN	118.227	115.144	117.794	118.616	122.909	120.945	119.474	NaN
15	118.938	107.345	126.061	NaN	122.104	120.421	121.725	124.277	127.935	125.192	124.516	NaN
16	124.392	112.332	132.337	NaN	127.545	126.736	126.484	130.331	132.869	130.212	129.431	NaN
17	129.846	116.684	139.295	NaN	133.775	132.881	132.519	136.454	137.545	135.063	134.983	NaN
18	137.116	121.321	145.155	NaN	139.669	139.081	139.297	142.396	144.028	139.787	140.759	NaN
19	142.964	127.398	150.18	NaN	144.015	143.705	145.701	146.427	148.29	144.356	144.57	NaN
20	145.335	130.22	151.974	NaN	145.891	145.907	148.002	147.187	150.783	146.464	145.435	NaN
21	144.518	128.973	151.212	NaN	144.665	144.531	146.546	146.726	150.243	146.465	145.141	NaN
22	141.898	125.871	147.219	NaN	142.428	142.138	143.052	145.308	147.481	143.608	143.007	NaN
23	137.863	122.71	143.568	NaN	137.877	138.201	139.558	141.961	143.695	139.183	139.065	NaN
24	133.374	121.745	138.829	NaN	132.552	133.883	135.748	136.712	138.556	134.616	134.885	NaN
25	128.367	116.402	133.699	NaN	127.376	129.172	131.268	131.069	133.116	129.889	130.38	NaN
26	122.884	110.79	127.858	NaN	122.2	124.123	125.98	124.722	127.675	124.8	125.884	NaN
27	116.925	106.369	121.931	NaN	117.269	118.799	120.723	119.59	122.574	118.887	121.082	NaN
28	110.468	101.786	115.944	NaN	112.395	113.549	115.771	114.959	117.493	115.338	116.28	NaN
29	105.71	95.2233	109.874	NaN	107.289	108.798	110.819	110.092	113.17	111.656	112.286	NaN
30	100.912	90.5117	103.885	NaN	101.886	104.048	105.543	105.072	108.949	107.016	108.337	NaN
31	95.4992	85.5498	97.6135	NaN	95.9844	99.2746	99.322	100.229	104.51	101.685	104.123	NaN
32	88.6166	79.6596	90.9561	NaN	89.5593	93.5769	92.8817	94.855	98.0341	95.0808	98.845	NaN
33	80.8758	74.5135	83.6913	NaN	83.117	87.3968	85.8203	88.5724	91.4128	89.2578	92.7346	NaN
34	73.5413	66.1624	76.9938	NaN	74.1599	80.0649	78.5749	81.8104	83.6799	83.462	85.385	NaN
35	67.0029	58.6097	70.2691	NaN	66.3289	72.6283	70.8952	74.6598	76.816	77.093	77.463	NaN
36	60.509	52.7887	63.2887	NaN	57.6552	64.3907	63.9093	67.1379	69.9698	71.447	69.7433	NaN
37	54.0481	47.165	58.2183	NaN	50.2769	56.0602	56.9235	60.9583	63.1352	66.1132	63.0643	NaN
38	49.0604	41.3489	54.0107	NaN	43.7047	47.9328	49.9376	55.3259	56.3117	60.5297	56.8288	NaN
39	44.2337	36.3669	49.4778	NaN	36.9864	41.4978	43.4228	49.6333	50.2606	54.6886	50.2159	NaN
40	40.237	31.4096	45.4894	NaN	31.2081	36.9024	39.2766	44.1311	45.2816	49.8576	45.6499	NaN
41	37.7006	27.0034	42.9251	NaN	28.0134	33.1944	38.2017	41.8276	43.4948	46.4588	41.9513	NaN
42	36.5158	23.1109	41.7468	NaN	26.123	31.6188	37.1268	39.4159	43.2022	44.9968	40.2827	NaN
43	36.7305	20.8524	40.5684	NaN	25.0806	30.3486	35.8282	37.0047	42.4416	43.6709	38.8364	NaN
44	36.9452	19.8694	40.5734	NaN	24.3703	30.1818	35.5382	34.2655	42.0955	43.757	37.1749	NaN
45	37.4686	20.8593	40.705	NaN	35.9332	38.1133	36.7516	40.2198	41.5033	39.3226	48.2291	NaN
46	38.7804	23.6396	41.3699	NaN	33.8286	38.825	38.0152	41.7159	41.8793	39.5541	49.4712	NaN
47	40.5497	24.3222	44.6463	NaN	33.4933	40.2041	39.2787	45.1667	44.6207	50.7027	48.5682	NaN
48	43.4291	27.7535	49.2483	NaN	37.0316	44.327	43.0088	48.4801	51.2825	54.881	49.329	NaN
49	47.3035	32.7494	54.6514	NaN	46.2331	51.5934	54.0368	51.9722	58.4811	60.2616	46.8587	NaN
50	53.0148	37.3261	60.1453	NaN	53.2865	59.0233	60.8961	66.0209	65.8919	65.6422	60.458	NaN
51	59.481	41.3938	64.3711	NaN	57.7256	64.3613	65.8836	76.2066	78.7127	77.2722	76.3092	NaN
52	64.5734	46.5151	67.4003	NaN	62.3448	68.7045	70.317	78.8461	82.3759	79.5937	78.2411	NaN
53	67.9028	50.0683	69.7687	NaN	66.5431	72.4165	75.2785	84.77	87.1769	84.94	82.1924	NaN
54	70.9522	53.9055	71.8325	NaN	70.0593	75.767	78.7012	88.3205	90.8612	90.5448	85.5241	NaN
55	71.4728	55.9166	73.2222	NaN	71.0479	77.4925	79.7828	88.9314	92.8813	91.3533	90.4203	NaN
56	71.8989	57.3732	76.2316	NaN	71.6819	78.9227	82.333	92.9517	99.8672	92.5962	99.6069	NaN
57	73.4021	57.7002	79.7786	80.6302	71.8863	85.6394	87.8585	92.2972	101.105	94.824	100.902	NaN
58	72.635	57.6979	82.3435	83.2478	72.6019	90.1441	94.4273	99.3499	103.928	106.98	106.98	NaN
59	69.9043	56.18	82.7455	84.5428	73.9185	89.956	98.5744	105.121	112.57	118.547	118.547	NaN
60	66.3573	54.7054	82.2287	84.1781	74.7112	85.3546	95.9646	103.904	111.217	113.488	113.488	NaN
61	62.5402	54.2025	79.782	80.5419	74.0216	79.3659	91.0226	99.8853	107.523	112.07	112.07	NaN
62	57.7867	52.3141	75.3918	75.4507	71.5089	73.6346	85.661	93.5676	101.194	101.776	101.776	NaN
63	50.5146	48.6113	66.3246	69.4628	66.2656	68.1299	79.7787	85.5479	95.0944	93.9963	93.9963	NaN
64	45.1587	43.1654	54.6938	62.8004	59.9927	63.646	73.8473	76.7766	88.7474	86.0955	86.0955	NaN
65	40.9729	38.235	46.6404	56.945	54.0127	58.1972	67.6028	68.196	80.4171	85.1856	78.4613	NaN
66	38.4061	34.6927	41.9348	54.2366	48.179	54.378	57.0689	50.2063	61.2302	61.1162	61.1162	NaN
67	36.6405	29.6143	39.3779	51.7455	42.4685	51.4279	45.7354	41.9336	61.885	73.564	73.564	NaN
68	36.3653	25.0935	38.5233	47.6877	39.5924	49.3995	38.9942	42.3566	57.9173	78.2041	78.2041	NaN
69	36.3144	23.5452	37.7905	43.9546	38.5148	46.8458	41.9182	44.3251	54.6923	68.5623	68.5623	NaN
70	36.1751	21.6282	38.5113	41.2254	35.2396	44.4976	40.0029	45.5852	47.4082	66.1835	66.1835	NaN
71	37.4442	19.3325	40.7511	42.6165	31.1483	43.1779	37.1189	45.2518	36.8565	59.2485	59.2485	NaN
72	40.2673	22.1511	44.6326	46.6341	30.8451	43.177	39.9814	49.1443	41.8613	62.1599	52.3812	NaN
73	45.7956	27.3913	51.2858	51.669	35.003	49.74	43.5685	57.3911	51.2146	70.331	70.331	NaN
76	49.2594	24.76	56.6334	50.7324	33.1819	52.7887	41.1867	60.2186	52.3935	73.2269	72.9249	NaN
77	50.1688	25.3756	55.4006	47.5676	36.2848	50.8314	41.3331	56.9997	51.2889	73.6542	73.4635	NaN
78	53.7426	29.6061	57.117	49.5174	42.7473	50.9141	48.1004	56.232	54.868	73.3599	69.3279	NaN
79	58.618	33.3455	59.6273	54.5414	50.662	52.6969	54.2619	58.3476	59.3161	72.6006	67.4099	NaN
80	62.8126	39.0558	62.642	59.5882	56.8324	56.2428	60.0968	61.958	63.7487	73.9053	68.7238	NaN
81	67.4023	44.1063	67.3591	63.975	61.5561	59.7887	64.9036	65.4233	67.8937	74.4429	71.7141	NaN
82	71.3313	50.8125	69.5219	67.1873	65.4804	63.4413	67.4498	68.3374	70.67	74.5596	74.7114	NaN
83	73.5478	54.2123	71.2945	67.9967	65.6691	66.6265	69.2357	69.3792	72.7587	74.1956	73.6256	NaN
84	73.9375	55.0264	71.0643	67.8284	64.7068	68.4337	70.3377	68.563	74.4133	72.8616	71.6649	NaN
87	77.4995	58.6175	72.4834	68.8925	67.2491	70.7959	72.2401	69.6763	77.2494	73.1962	74.0898	NaN
88	80.0201	59.2597	73.5585	70.1622	69.1018	71.2317	72.0714	71.758	79.2302	73.8904	74.6026	NaN
89	80.9342	61.384	72.4423	70.6241	69.4863	71.6772	70.8287	72.9066	80.8096	74.9727	74.1428	NaN
90	81.0036	65.3725	71.5195	70.6196	69.6162	71.8379	70.6621	73.0838	79.2906	75.9124	73.5131	NaN
91	79.906	67.2628	71.3268	70.1783	68.9656	71.6799	69.7475	71.5289	76.8423	75.1948	72.1278	NaN
92	78.4145	65.6243	70.6571	69.0148	68.3089	70.8305	68.8329	69.4501	72.7226	74.1461	69.4048	NaN
94	75.6976	66.8767	69.3357	67.6373	66.8316	69.761	67.9058	65.9845	68.3407	72.1458	66.9701	NaN
95	79.9312	70.2353	73.9754	73.3277	72.8123	76.2649	74.9913	69.6913	70.8276	77.0099	71.1155	NaN
96	83.3663	71.9837	77.5227	77.7655	76.9822	80.7107	81.8827	73.7992	72.307	79.6894	73.4846	NaN
97	86.2479	71.4361	79.7507	80.388	79.0655	83.2483	83.8991	76.0623	73.814	81.0896	75.3743	NaN
98	86.7201	71.7496	80.7808	81.856	80.7272	83.534	83.9391	76.9346	75.3493	81.4876	76.9599	NaN
99	86.0105	72.2969	81.3164	82.3945	80.6808	82.26	82.3351	75.6678	76.8883	80.8271	78.1828	NaN
100	84.8502	71.3267	80.6936	82.0727	79.3213	80.5088	79.8594	74.6553	78.7076	79.5286	78.4205	NaN
101	83.3301	70.8979	79.2409	80.8141	77.8318	78.6879	77.5938	73.6578	80.6507	77.0444	77.1889	NaN
102	81.3823	70.8719	77.4563	79.454	76.3199	76.4643	74.952	71.8008	82.0385	74.8543	74.9158	NaN
103	67.4145	46.7621	65.9584	61.2613	57.2281	52.319	59.4471	NaN	65.6794	60.0276	NaN	51.7386
104	69.1325	52.6365	70.1468	63.4706	57.665	53.2443	60.3826	NaN	67.8989	58.4223	NaN	53.9416
105	70.001	55.0844	72.2261	64.9653	56.7807	54.1695	60.8226	NaN	68.6184	55.4283	NaN	54.5404
106	70.1459	56.5465	73.9706	65.0746	55.9069	53.9651	59.3078	NaN	68.862	51.9417	NaN	53.2876
107	69.593	55.4292	75.5553	62.8042	54.7561	52.6843	57.3298	NaN	68.9036	48.3416	NaN	50.497
109	78.8099	64.5864	84.3575	69.2646	63.0684	59.3154	63.9447	NaN	75.6558	53.1423	NaN	55.499
110	85.7829	71.7926	87.4916	74.9002	69.8478	64.7033	69.2248	NaN	79.1847	57.1455	NaN	58.2155
111	89.7768	79.7621	89.6333	79.7474	75.6585	68.6522	71.4637	NaN	81.0609	60.4221	NaN	62.3331
112	93.6397	84.4651	91.248	83.0319	80.2774	72.3111	72.9557	NaN	83.4426	62.9164	NaN	65.2852
113	96.4085	90.2512	92.3821	84.7867	83.3043	74.3599	74.143	NaN	84.273	64.1583	NaN	67.364
114	98.3966	93.5752	92.6606	84.3637	83.6852	74.1316	74.6694	NaN	84.5415	65.1311	NaN	67.3468
115	98.8841	96.7869	92.0481	82.7466	82.6723	72.9934	73.7993	NaN	84.4432	65.3349	NaN	67.0125
116	98.0433	95.5446	91.0593	79.5366	80.2933	70.5959	72.4638	NaN	83.5149	64.7901	NaN	66.4597
117	95.8536	92.9778	88.7212	76.3894	77.531	67.5746	69.6761	NaN	81.8505	62.8542	NaN	63.79
118	92.1569	87.7576	86.1711	72.2559	73.4631	63.7421	66.119	NaN	79.5364	60.1272	NaN	60.4404
119	86.6135	82.3144	82.5956	67.1197	66.9965	58.1751	61.1349	NaN	74.1516	56.2766	NaN	55.9406
121	78.4269	75.3811	73.2674	63.1692	58.1407	51.9445	54.226	NaN	66.6316	51.2661	NaN	46.9459
122	83.2898	80.6632	76.6472	69.8644	64.8121	58.5521	59.9182	NaN	71.8405	57.1541	NaN	51.8022
123	86.5613	85.8227	79.0484	75.0461	68.8889	62.4197	64.7092	NaN	75.7022	62.1424	NaN	58.6854
124	89.0526	85.8956	79.5583	78.0864	71.7115	64.6793	68.4148	NaN	78.633	65.7534	NaN	63.9167
125	89.2295	86.9815	78.9854	79.6875	72.3941	65.9176	70.0506	NaN	81.3469	67.4819	NaN	68.1016
126	88.7861	86.2409	77.2123	80.0713	71.9359	66.0633	69.9304	NaN	82.5082	67.6646	NaN	68.4328
127	87.3843	83.1334	75.3347	78.6906	70.2942	64.7666	68.8213	NaN	79.5252	67.3123	NaN	69.1984
128	84.8796	77.9201	73.4571	75.6551	68.0439	62.679	66.3926	NaN	75.6549	65.3482	NaN	70.745
129	80.9562	72.2977	71.1975	72.5976	65.3431	59.6666	63.1662	NaN	72.0772	63.1761	NaN	69.3938
130	76.0962	67.9721	68.204	69.4464	62.2964	56.6542	58.8451	NaN	68.4915	61.0041	NaN	69.0661
131	69.4079	64.6327	63.899	65.6305	58.5275	53.2549	53.8858	NaN	64.3178	58.8613	NaN	66.2985
132	61.7361	58.992	59.2142	57.3388	52.1085	49.6919	48.7745	NaN	59.5528	57.6311	NaN	63.3246
133	54.7146	55.5299	56.1228	48.5399	43.8031	45.3882	43.6596	NaN	55.2226	56.4269	NaN	60.7762
134	50.8856	53.5532	56.8539	51.7	35.5466	43.6913	39.0412	NaN	50.9946	58.0961	NaN	61.2244
135	52.644	58.9419	62.2939	61.5924	35.2623	47.2306	39.9205	NaN	48.489	64.8068	NaN	65.9471
136	54.4822	61.3594	65.0709	65.6323	40.4942	52.5494	45.7593	NaN	50.3073	67.04	NaN	68.2038
137	61.591	69.006	71.704	72.7189	52.4523	62.0528	56.1089	NaN	61.5715	72.3583	NaN	74.6264
138	69.888	73.5682	78.6062	78.7422	63.1647	72.6311	66.417	NaN	71.7882	79.0841	NaN	81.0206
139	77.7097	77.473	85.706	83.041	69.8274	78.9488	74.9706	NaN	81.0698	85.0935	NaN	87.0419
140	81.6375	78.9103	91.1006	84.3719	73.8359	81.1085	80.7807	NaN	85.0448	87.0694	NaN	90.0686
141	83.3367	78.6757	92.1147	84.9455	75.2238	79.9244	82.4588	NaN	86.0662	87.637	NaN	90.209
142	84.2317	79.2696	89.5499	84.0494	75.0178	78.2974	82.6693	NaN	85.8788	87.1779	NaN	88.3772
143	83.9411	78.0185	86.5605	82.5344	73.4739	76.8888	80.1672	NaN	83.442	84.7558	NaN	83.0791
144	81.4726	75.8202	83.5711	80.8686	71.4139	75.6661	77.2024	NaN	77.8571	79.8615	NaN	78.8202
145	78.9131	73.5516	80.8055	78.7998	69.8943	74.5071	74.8537	NaN	76.8052	77.1985	NaN	76.5944
146	76.2391	71.9777	78.3796	76.3574	70.4489	73.3482	73.1233	NaN	79.2177	75.6663	NaN	74.6605
147	73.4947	71.4013	75.9536	73.7246	71.4341	71.8648	72.6083	NaN	78.1103	75.619	NaN	73.7407
148	71.0958	69.3003	73.3811	71.6246	71.438	70.2233	72.494	NaN	77.2215	74.1544	NaN	71.5936
149	69.9692	64.6313	71.4982	71.2686	71.2608	68.6869	70.4506	NaN	74.6285	71.6779	NaN	70.0702
150	70.0956	NaN	75.0232	71.5154	67.6896	69.2606	70.4934	NaN	71.6908	68.6276	NaN	62.8989
151	72.7196	NaN	83.397	75.6505	75.0468	77.8531	79.5312	NaN	82.1987	78.0809	NaN	75.7736
152	76.4038	NaN	87.9784	80.6765	80.96	83.2302	84.5485	NaN	86.6609	82.2578	NaN	82.86
153	78.8525	NaN	84.4219	81.6296	82.4352	83.9605	82.6307	NaN	83.4901	84.1726	NaN	79.7281
154	78.4676	NaN	80.3936	80.2643	82.605	83.3823	81.7854	NaN	80.3093	84.8606	NaN	79.2945
155	76.3442	NaN	78.7046	76.7464	80.7551	80.714	80.3258	NaN	81.6327	84.7195	NaN	79.6287
156	72.4042	NaN	73.4989	74.3186	76.5543	77.5735	77.5031	NaN	83.092	82.8948	NaN	82.1578
157	69.5111	NaN	70.4547	73.0901	73.9815	75.8546	73.8248	NaN	77.9664	79.5564	NaN	79.9275
158	66.3513	NaN	67.1156	73.0607	74.0278	75.2605	75.763	NaN	79.4256	78.5221	NaN	81.1975
159	61.1153	NaN	68.9104	64.3454	65.4964	62.8122	63.0311	NaN	65.1273	66.7613	NaN	67.9193
160	58.1752	NaN	68.8942	63.6048	64.0369	62.2594	61.9454	NaN	64.075	67.6189	NaN	64.6973
161	58.5544	NaN	68.7517	64.5936	63.1079	63.6245	62.3563	NaN	64.5287	68.3142	NaN	74.8767
162	60.3379	NaN	70.1152	65.9059	63.9369	64.2347	62.6014	NaN	64.7144	68.4205	NaN	76.5179
163	62.1803	NaN	71.7384	66.8852	64.7213	65.895	64.8089	NaN	67.7263	69.8919	NaN	79.1799
164	63.9566	NaN	74.1481	67.0556	66.7503	67.6924	67.3613	NaN	69.624	72.286	NaN	71.7804
165	64.8544	NaN	73.6124	65.9444	67.7327	69.0022	68.3181	NaN	70.4478	73.8731	NaN	71.8605
166	68.6573	NaN	71.2747	64.8333	68.2851	68.572	67.1772	NaN	69.7664	72.1394	NaN	69.1034
167	69.1525	NaN	67.276	63.4683	66.4166	66.866	65.0893	NaN	66.9513	69.5585	NaN	67.5617
168	66.1756	NaN	63.6976	59.9903	64.1608	64.0922	63.5037	NaN	67.3581	75.7991	NaN	72.8215
169	63.9686	NaN	65.2042	59.727	65.8225	64.629	69.8457	NaN	78.2363	76.4985	NaN	75.0609
170	62.4309	NaN	67.6681	61.376	68.1784	66.3575	69.9293	NaN	79.8054	78.249	NaN	77.1563
171	61.4712	NaN	66.7447	62.5908	69.2036	68.0859	70.883	NaN	75.7469	74.8496	NaN	73.2472
172	59.5929	NaN	61.7805	63.8348	70.5063	69.8041	68.1372	NaN	76.7933	76.1922	NaN	75.2328
