NaN	1928	1933	1949.7425	1958.9041	1967.3096	1971.1014	1975.2822	1995.7041	2000.3716	2006.7781	2011.0301	2015.1589
NaN	4.1786	NaN	2.6139	3.7065	2.8935	2.8275	2.4898	3.8068	3.1686	2.1915	2.1682	2.1671
0	52.8373	NaN	56.1862	NaN	53.3302	48.1055	51.6848	54.0043	52.0756	52.4061	47.1943	NaN
1	64.9038	NaN	67.7483	NaN	64.3604	62.3314	65.0145	65.0003	62.7285	65.1831	60.3048	NaN
2	73.303	NaN	74.0315	NaN	73.809	70.0479	72.1702	71.5934	69.7749	71.4607	67.8047	NaN
3	80.9004	NaN	79.8451	NaN	79.8821	76.3557	79.0202	77.6163	76.9122	76.7262	73.553	NaN
4	89.4631	NaN	89.8776	NaN	89.562	85.5228	86.77	86.3678	86.2177	85.9144	83.1861	NaN
5	98.5381	NaN	98.9356	NaN	98.5855	94.9535	95.594	97.2446	96.4976	94.912	92.8144	NaN
6	106.154	NaN	107.042	NaN	107.261	103.899	104.897	103.715	105.291	102.503	101.552	NaN
7	111.798	NaN	112.964	NaN	113.41	111.903	111.851	109.66	112.586	109.404	108.332	NaN
8	116.585	NaN	117.332	NaN	119.916	118.919	118.481	115.987	117.805	115.009	114.473	NaN
9	119.899	NaN	122.187	NaN	123.252	122.079	122.363	121.419	122.286	119.964	118.786	NaN
10	121.092	NaN	123.512	NaN	124.598	122.8	122.213	120.356	122.816	121.432	121.28	NaN
11	121.699	NaN	124.024	NaN	125.124	124.235	123.138	122.016	123.739	123.009	122.846	NaN
12	123.21	NaN	125.893	NaN	125.94	125.085	124.371	124.179	124.937	125.11	124.912	NaN
13	125.473	NaN	128.129	NaN	128.977	127.221	127.542	127.668	128.375	128.126	127.352	NaN
14	128.619	NaN	132.382	NaN	132.712	131.056	132.222	131.637	134.005	131.954	131.067	NaN
15	133.128	NaN	138.857	NaN	137.723	136.167	136.521	136.584	138.455	136.827	136.097	NaN
16	141.02	NaN	144.149	NaN	144.685	142.659	142.327	143.164	144.77	143.002	143.429	NaN
17	148.883	NaN	151.13	NaN	151.019	149.235	148.914	149.276	150.549	148.849	148.281	NaN
18	153.058	NaN	157.201	NaN	157.517	156.107	155.69	155.489	157.591	154.981	154.571	NaN
19	156.366	NaN	161.956	NaN	163.407	162.245	160.517	160.785	162.798	159.833	159.93	NaN
20	158.833	NaN	163.543	NaN	164.674	164.293	162.397	163.888	165.142	161.332	162.804	NaN
21	157.759	NaN	162.952	NaN	161.753	161.995	161.416	161.343	162.928	160.269	161.047	NaN
22	155.52	NaN	159.869	NaN	158.397	158.706	158.385	158.411	159.574	157.523	158.591	NaN
23	152.714	NaN	156.565	NaN	155.639	156.074	155.325	155.519	156.555	154.446	156.51	NaN
24	148.683	NaN	153.68	NaN	152.43	153.337	152.003	152.656	153.537	151.607	152.531	NaN
25	145.448	NaN	151.112	NaN	149.047	150.705	149.667	149.434	151.062	148.255	147.232	NaN
26	139.746	NaN	146.532	NaN	145.234	146.812	145.185	142.622	145.185	143.503	142.405	NaN
27	132.401	NaN	140.5	NaN	139.527	141.23	138.312	136.007	139.296	138.788	137.173	NaN
28	125.491	NaN	134.803	NaN	133.629	135.096	133.08	131.172	134.327	134.106	132.291	NaN
29	120.731	NaN	128.636	NaN	128.673	130.43	128.401	128.606	130.77	129.904	128.566	NaN
30	115.47	NaN	118.95	NaN	122.824	124.468	123.212	124.525	126.669	126.611	124.228	NaN
31	109.556	NaN	113.507	NaN	116.217	118.498	117.024	117.167	118.069	120.887	119.713	NaN
32	104.021	NaN	108.435	NaN	109.256	112.489	111.76	111.635	114.08	114.868	114.647	NaN
33	97.356	NaN	101.421	NaN	102.681	105.135	104.929	104.938	109.921	108.848	108.848	NaN
34	90.4974	NaN	94.3247	NaN	95.3774	97.2283	98.029	99.4508	101.279	101.543	101.543	NaN
35	83.3271	NaN	87.317	NaN	86.8254	90.2974	88.7919	86.8358	88.6018	86.8889	86.8889	NaN
36	76.7254	NaN	80.5327	NaN	80.4669	83.1031	84.0166	80.5731	82.5526	81.6022	81.6022	NaN
37	69.8192	NaN	74.1121	NaN	73.9762	76.0821	76.8357	74.8978	75.6022	76.4172	76.4172	NaN
38	64.2259	NaN	67.8318	NaN	67.8861	69.1985	71.2202	69.7866	69.1706	71.3645	71.3897	NaN
39	58.893	NaN	62.5102	NaN	61.3725	61.9991	65.1539	62.6646	63.6795	66.3409	67.5156	NaN
40	54.1376	NaN	58.8661	NaN	56.4041	56.5498	62.2321	57.7371	59.5681	61.7089	62.3634	NaN
41	50.4235	NaN	54.4767	NaN	53.3194	53.7842	60.1606	56.4968	56.4839	59.83	58.6244	NaN
42	48.6949	NaN	51.8046	NaN	51.3148	51.8981	58.2345	54.8364	55.6448	57.8154	55.9566	NaN
43	48.4105	NaN	50.4371	NaN	49.5353	50.5992	55.2966	52.4719	53.0103	55.6976	55.0106	NaN
44	49.0236	NaN	50.1641	NaN	48.262	50.131	51.6935	49.1684	50.4993	51.7686	51.7686	NaN
45	49.8741	NaN	50.8577	NaN	47.8188	51.8127	49.1931	48.2452	50.4536	49.5825	49.5825	NaN
46	50.1221	NaN	51.7393	NaN	48.0992	52.5105	52.2807	51.5496	51.4354	49.9875	49.9875	NaN
47	52.374	NaN	54.2499	NaN	52.0119	51.1912	51.7359	51.0908	52.8028	51.154	51.154	NaN
48	56.2691	NaN	57.5169	NaN	55.1369	59.0043	60.753	54.6663	55.7512	54.881	54.881	NaN
49	60.951	NaN	61.8305	NaN	60.6513	62.655	64.7131	60.8758	60.551	60.2616	60.2616	NaN
50	65.8436	NaN	67.7957	NaN	68.6719	65.497	70.9828	66.0209	65.8919	65.6422	65.6422	NaN
51	70.3195	NaN	72.7688	NaN	75.9633	76.8044	78.9791	84.21	84.3671	84.1159	84.1159	NaN
52	73.3193	NaN	74.5529	NaN	80.0854	80.0717	83.2867	88.2002	87.9579	87.2528	87.2528	NaN
53	75.2477	NaN	78.4313	NaN	83.4454	84.9013	86.6144	90.8591	91.3962	91.1406	91.1406	NaN
54	78.7153	NaN	81.8464	NaN	86.6527	87.6864	89.5881	96.689	96.5008	97.0143	97.0143	NaN
55	79.3779	NaN	82.3326	NaN	88.7479	89.8638	92.7326	98.665	98.8914	98.392	98.392	NaN
56	79.2925	NaN	83.375	NaN	90.6054	91.9731	94.686	100.243	99.8743	99.7775	99.7775	NaN
57	80.3518	NaN	87.4931	98.924	96.423	96.3989	98.1458	100.576	101.162	100.951	100.951	NaN
58	81.8613	NaN	89.7029	104.496	103.743	101.155	103.942	111.514	109.171	106.98	106.98	NaN
59	81.1983	NaN	91.7378	106.53	105.565	104.902	107.687	116.726	116.51	118.547	118.547	NaN
60	78.941	NaN	90.884	105.057	104.146	106.101	109.814	112.741	114.226	113.488	113.488	NaN
61	76.2067	NaN	89.0299	101.327	101.576	103.351	106.352	109.649	111.064	112.07	112.07	NaN
62	71.1777	NaN	86.411	95.7395	97.306	98.7348	101.152	100.584	101.194	101.776	101.776	NaN
63	65.4509	NaN	78.3439	87.6624	90.3034	91.6829	95.6123	94.6446	95.0944	93.9963	93.9963	NaN
64	59.6114	NaN	72.6935	80.1944	80.2535	81.9687	89.1268	89.618	88.7474	86.0955	86.0955	NaN
65	56.0159	NaN	67.8209	72.2011	66.3514	66.8744	80.0878	74.5662	80.4171	85.1856	85.1856	NaN
66	53.5814	NaN	63.1489	59.2766	55.9107	57.0671	59.428	59.7564	61.2302	61.1162	61.1162	NaN
67	52.371	NaN	59.3079	59.4906	58.0009	58.8097	62.3509	67.9389	71.6351	73.564	73.564	NaN
68	51.9249	NaN	58.1121	62.4962	63.6323	73.5118	69.1946	68.9458	72.5751	78.2041	78.2041	NaN
69	52.3726	NaN	57.0194	60.0642	63.1349	72.6176	67.1314	66.6717	70.2247	68.5623	68.5623	NaN
70	53.3477	NaN	57.2769	58.371	61.4782	70.7697	63.7609	63.8522	68.0713	66.1835	66.1835	NaN
71	54.3909	NaN	57.0253	59.2398	58.0853	62.3637	60.2321	58.9016	62.2121	59.2485	59.2485	NaN
72	58.7467	NaN	60.5657	62.3936	59.7774	65.877	62.9176	60.4175	63.4338	62.1599	62.1599	NaN
73	66.8879	NaN	67.2065	68.917	67.0808	74.0333	71.4204	68.5497	69.7525	70.331	70.331	NaN
76	69.207	NaN	69.0896	71.4258	72.4325	77.2358	75.8936	73.5148	73.7081	73.8935	73.9716	NaN
77	69.2084	NaN	69.5355	71.2508	72.0025	76.2451	74.9436	72.2342	76.2369	82.1331	78.7779	NaN
78	72.8312	NaN	71.8404	73.8122	76.0494	80.9251	80.7961	73.702	78.3802	83.9801	82.8608	NaN
79	77.636	NaN	76.0722	78.2162	87.833	90.3871	87.2138	79.0771	83.1124	87.1918	87.6346	NaN
80	82.6198	NaN	81.4085	82.3805	87.6311	91.7623	88.9681	79.492	84.2362	88.96	88.463	NaN
81	86.4397	NaN	87.191	87.4466	90.6864	91.4154	91.725	81.0526	84.4395	89.1527	88.8936	NaN
82	87.9896	NaN	93.6529	89.4541	93.5154	91.1382	95.5837	82.5522	84.3868	89.9434	89.9299	NaN
83	89.1619	NaN	92.4175	88.7014	92.2365	90.861	98.8862	85.0868	86.5046	91.1229	91.3163	NaN
84	90.3342	NaN	91.1821	87.9487	90.9576	90.5838	100.97	93.1905	90.6525	92.9412	92.8417	NaN
87	94.324	NaN	94.2333	92.4472	94.5147	96.0659	100.42	94.2401	96.1978	94.4659	93.2854	NaN
88	97.3919	NaN	96.7042	96.8347	98.3552	100.954	100.333	95.7584	99.3288	97.2038	97.711	NaN
89	99.406	NaN	97.9047	94.5977	102.196	105.842	100.246	97.2768	102.46	99.9417	102.137	NaN
90	100.543	NaN	95.58	94.4069	105.756	105.848	99.7518	98.3331	100.559	97.7954	104.779	NaN
91	99.9343	NaN	93.0565	93.9879	100.84	98.9942	96.9689	94.5628	97.503	96.0423	98.8553	NaN
92	98.4013	NaN	89.739	91.5196	94.2819	94.1729	93.6831	92.1222	93.8519	90.9457	93.6111	NaN
94	97.9713	NaN	85.7153	89.3589	91.3446	91.296	92.2086	89.1475	89.6755	87.1821	89.2459	NaN
95	106.373	NaN	93.5572	96.1185	97.8491	97.276	101.607	97.4793	97.2827	94.7672	94.7295	NaN
96	112.31	NaN	99.5519	102.655	105.84	104.452	111.673	103.701	103.638	104.313	104.604	NaN
97	117.262	NaN	106.115	107.178	110.246	110.536	113.306	110.785	110.381	110.919	110.795	NaN
98	121.768	NaN	107.507	110.687	113.882	114.164	113.973	114.113	113.143	113.838	113.689	NaN
99	125.523	NaN	111.307	112.921	115.989	116.394	115.617	116.185	115.406	115.203	115.497	NaN
100	127.033	NaN	113.426	113.225	117.732	119.252	118.704	118.195	117.623	115.481	115.446	NaN
101	125.355	NaN	115.03	114.26	117.26	119.536	118.336	119.778	117.343	115.244	115.334	NaN
102	123.621	NaN	115.316	112.899	117.81	118.576	118.143	120.948	119.821	115.867	116.975	NaN
103	78.281	NaN	77.5538	74.0585	76.4156	77.3553	75.8726	NaN	77.0789	78.3956	NaN	78.0659
104	82.1978	NaN	80.798	77.3916	79.6253	80.6282	79.7281	NaN	79.7071	81.6714	NaN	81.2593
105	87.814	NaN	84.7985	84.7515	83.192	84.8115	83.9516	NaN	82.2597	85.1901	NaN	84.5172
106	90.602	NaN	90.4618	86.2031	87.0677	92.4232	89.2697	NaN	86.8275	90.94	NaN	93.1409
107	91.0006	NaN	90.281	84.8711	89.5286	91.9216	89.6366	NaN	87.8866	89.7885	NaN	91.2438
109	102.365	NaN	93.7104	90.378	92.9043	92.9991	91.0575	NaN	93.1054	90.0526	NaN	92.1482
110	107.386	NaN	97.7446	94.9098	95.6261	95.1784	94.3488	NaN	96.0938	92.5203	NaN	95.4545
111	112.1	NaN	102.264	100.268	98.7221	98.1947	96.6048	NaN	99.0397	94.4234	NaN	96.5415
112	114.859	NaN	105.944	104.473	101.958	100.927	99.1136	NaN	100.368	95.7197	NaN	98.8268
113	116.842	NaN	109.581	106.94	103.998	102.79	100.706	NaN	101.396	98.9063	NaN	100.851
114	118.053	NaN	112.137	106.693	105.76	104.681	102.617	NaN	102.237	101.929	NaN	101.55
115	118.502	NaN	114.491	109.039	108.958	107.731	104.263	NaN	103.876	105.636	NaN	103.49
116	117.862	NaN	117.644	112.131	112.105	107.628	105.46	NaN	103.42	105.704	NaN	103.522
117	116.096	NaN	117.708	115.239	107.784	102.448	102.711	NaN	103.067	98.0819	NaN	101.325
118	109.267	NaN	112.032	108.99	97.4585	95.3956	95.7232	NaN	95.7468	89.6157	NaN	92.4251
119	102.496	NaN	105.598	101.864	91.6542	90.2914	89.6716	NaN	91.2686	85.4023	NaN	86.4854
121	92.3471	NaN	89.2411	85.1689	84.0863	82.5216	82.1235	NaN	83.4173	79.6025	NaN	83.6617
122	96.6215	NaN	93.7925	89.5412	88.8636	86.749	87.1022	NaN	87.0359	84.9625	NaN	86.7825
123	99.9274	NaN	96.8286	93.2896	92.0208	89.8358	90.3232	NaN	90.1718	89.6854	NaN	91.2952
124	102.739	NaN	98.098	95.5629	93.8378	90.3317	92.997	NaN	93.9204	91.6826	NaN	93.1677
125	103.022	NaN	97.9995	96.402	96.1396	90.6953	93.3536	NaN	96.301	92.6598	NaN	92.3292
126	101.117	NaN	97.2805	95.8893	95.2898	90.5514	92.3628	NaN	94.8716	91.5351	NaN	91.4931
127	101.207	NaN	94.8041	94.6701	92.9891	89.532	90.5204	NaN	92.5545	88.8665	NaN	90.0839
128	97.8096	NaN	91.0727	92.3493	90.3874	88.0597	88.1114	NaN	90.6006	85.198	NaN	87.6722
129	93.7544	NaN	87.328	89.1679	86.5875	86.3909	85.8188	NaN	88.9128	82.0143	NaN	85.1428
130	89.4055	NaN	84.3262	85.732	83.7718	83.9154	83.0836	NaN	84.006	79.302	NaN	82.3253
131	85.0378	NaN	82.1429	82.6959	81.8441	81.2632	80.4922	NaN	80.343	77.3208	NaN	78.8506
132	80.4903	NaN	79.715	79.7361	79.2726	77.1199	77.9505	NaN	79.0633	75.5446	NaN	76.0725
133	76.2752	NaN	78.5011	77.0004	77.1602	73.9737	75.7526	NaN	79.0861	74.7794	NaN	74.5128
134	75.0964	NaN	79.9047	78.098	78.5768	75.6365	75.4774	NaN	81.804	79.3964	NaN	77.6329
135	78.8775	NaN	84.3081	84.0276	84.0838	81.6118	80.5112	NaN	85.9525	84.6432	NaN	81.7678
136	79.4292	NaN	84.2658	85.2284	85.5174	83.2101	81.4801	NaN	85.553	84.8615	NaN	83.7123
137	87.7608	NaN	90.7118	91.4975	92.8846	89.7013	90.0483	NaN	87.536	92.6353	NaN	90.0648
138	95.1371	NaN	98.0698	98.0609	98.6693	95.2635	95.0409	NaN	91.7765	96.9144	NaN	96.7494
139	100.252	NaN	103.455	102.546	102.967	100.581	98.5536	NaN	96.7579	100.56	NaN	101.972
140	104.406	NaN	106.966	104.856	105.649	104.122	104.487	NaN	101.806	103.762	NaN	104.339
141	104.394	NaN	107.873	105.589	107.112	104.92	108.004	NaN	105.09	103.762	NaN	104.756
142	103.093	NaN	106.232	104.815	105.383	100.988	105.191	NaN	104.39	101.091	NaN	103.515
143	101.228	NaN	103.896	101.963	100.892	99.3292	100.611	NaN	101.957	98.636	NaN	100.656
144	98.5495	NaN	99.6774	99.0877	97.3283	98.6379	97.0736	NaN	98.9174	95.9384	NaN	97.9026
145	94.7893	NaN	96.286	96.1831	95.418	97.4167	95.8662	NaN	95.4408	94.8878	NaN	95.0116
146	90.8823	NaN	93.3177	92.6558	92.2055	93.9129	94.2132	NaN	93.0299	93.8957	NaN	91.5842
147	87.5969	NaN	89.9656	89.6413	89.187	88.2889	91.3389	NaN	86.5201	90.1532	NaN	89.6996
148	84.1141	NaN	85.607	85.9167	85.0229	84.3487	85.8782	NaN	83.5892	85.6584	NaN	85.7298
149	78.7642	NaN	81.1549	82.5978	83.1309	83.43	82.0011	NaN	84.2284	83.6444	NaN	83.0974
150	77.0397	NaN	82.2447	81.6818	81.7415	83.5494	82.1333	NaN	85.0969	82.6701	NaN	83.0244
151	82.5003	NaN	87.834	89.0594	87.4234	88.4323	87.6722	NaN	90.4392	90.391	NaN	88.266
152	89.0623	NaN	91.2701	92.1017	90.6447	89.513	91.4723	NaN	93.3733	94.1601	NaN	92.9741
153	88.9834	NaN	88.2234	90.4803	90.8125	92.007	92.7359	NaN	95.5117	92.8255	NaN	92.2982
154	87.0155	NaN	85.1256	86.762	88.3045	92.2091	92.0042	NaN	92.2873	91.7204	NaN	91.4653
155	82.4262	NaN	81.6396	83.5242	85.4886	87.6035	86.3744	NaN	91.0227	91.0313	NaN	89.0168
156	75.9116	NaN	77.26	79.9983	82.073	82.194	81.5794	NaN	88.4586	88.8813	NaN	89.5094
157	74.0253	NaN	73.6056	79.4656	80.7393	81.0791	80.7208	NaN	84.5024	85.6874	NaN	85.569
158	73.7846	NaN	74.5504	78.9772	81.0431	82.1192	82.2181	NaN	85.5834	85.7214	NaN	84.7681
159	72.5076	NaN	74.2787	76.2683	76.6594	76.8837	75.1868	NaN	75.9059	76.676	NaN	74.0505
160	72.1372	NaN	74.7067	76.5919	76.7718	78.5773	77.5668	NaN	76.5623	75.8328	NaN	75.879
161	73.0368	NaN	75.7555	76.747	76.9427	77.8139	75.0516	NaN	75.6844	75.7267	NaN	74.8096
162	74.5786	NaN	76.5878	76.4124	77.1918	77.8629	76.246	NaN	77.7892	77.2133	NaN	76.5639
163	75.7979	NaN	77.8306	76.2699	78.5562	79.5622	79.1742	NaN	80.4239	78.8605	NaN	79.1669
164	78.222	NaN	77.2866	79.7897	81.3897	81.4213	80.3905	NaN	83.2729	79.9641	NaN	80.7259
165	78.5024	NaN	77.5228	79.2737	81.7122	81.8121	79.5631	NaN	82.5478	80.2804	NaN	80.7446
166	75.3676	NaN	76.0791	76.2722	77.9855	79.0743	77.0117	NaN	80.5113	80.6894	NaN	78.8305
167	72.4596	NaN	70.6581	72.7698	73.5725	75.8376	74.55	NaN	77.8309	78.38	NaN	78.2736
168	68.8111	NaN	67.6529	70.1691	70.9659	73.3908	71.8175	NaN	76.5342	75.7991	NaN	72.7688
169	67.8276	NaN	67.3755	65.0497	70.8238	72.1943	72.6556	NaN	78.2363	76.4985	NaN	75.0065
170	69.5335	NaN	67.6114	65.6097	71.7086	73.8738	72.0912	NaN	79.8054	78.249	NaN	77.0126
171	68.9547	NaN	68.3683	67.4614	75.0227	75.3503	72.3398	NaN	75.7469	74.8496	NaN	73.1863
172	66.88	NaN	70.6922	70.0153	75.4128	76.2591	73.9723	NaN	76.7933	76.1922	NaN	75.1801
