NaN	1928.0000	1933.0000	1933.0000	1949.7425	1958.4658	1967.3096	1971.1014	1975.4219	1975.2822	1995.7041	2000.3726	2006.7781	2011.0301
NaN	6.6329	9.8896	9.8190	6.0518	6.5409	6.0462	6.4758	5.6956	5.6956	6.9399	6.6698	5.6379	5.6548
0	51.716	53.3272	NaN	57.7415	44.4917	27.8768	42.5338	40.6279	NaN	58.1588	NaN	57.4747	39.8893
1	67.3226	70.7442	NaN	72.6497	59.2781	35.624	55.3992	52.8612	NaN	75.0736	NaN	71.9794	53.097
2	80.3413	83.2165	NaN	85.4239	71.3017	53.4625	67.1353	65.3158	NaN	89.3625	NaN	85.9999	68.9163
3	91.4996	93.3049	NaN	95.9077	80.9509	66.8228	76.0091	77.6394	NaN	99.8382	NaN	96.8216	82.7827
4	99.5468	102.578	NaN	103.797	89.5791	79.1497	83.5846	86.3211	NaN	107.566	NaN	104.758	93.4129
5	106.104	108.015	NaN	109.826	95.3799	85.4031	88.7194	92.6567	NaN	111.931	NaN	111.031	99.9278
6	110.76	111.439	NaN	114.837	98.8148	88.5159	91.9023	96.9219	NaN	113.782	NaN	115.474	103.839
7	115.347	115.671	NaN	118.762	100.613	91.5373	94.7148	99.0944	NaN	115.783	NaN	119.862	107.911
8	119.656	117.97	NaN	122.845	100.809	93.6816	97.5273	101.267	NaN	118.934	NaN	124.601	112.351
9	123.081	120.351	NaN	125.96	104.434	93.9267	100.34	103.708	NaN	123.875	NaN	129	116.031
10	125.257	122.014	NaN	127.739	107.073	94.5507	102.176	105.954	NaN	127.825	NaN	131.346	118.365
11	127.149	125.233	NaN	126.48	106.642	93.5733	103.555	105.829	NaN	128.056	NaN	131.64	119.662
12	127.705	127.24	NaN	124.697	103.558	92.3947	103.157	105.853	NaN	126.659	NaN	131.027	120.419
13	126.871	125.968	NaN	123.066	99.3273	91.2161	101.59	105.136	NaN	123.921	NaN	129.664	119.693
14	125.101	120.815	NaN	121.41	96.7576	89.9027	99.7298	104.083	NaN	119.44	NaN	128.214	118.055
15	121.427	117.881	NaN	119.601	94.8569	88.6184	97.9398	103.622	NaN	114.805	NaN	125.415	116.514
16	117.524	115.713	NaN	117.476	93.5429	88.1579	95.2988	103.07	NaN	111.223	NaN	122.422	113.67
17	113.043	114.647	NaN	115.289	91.6042	86.9169	92.6578	101.417	NaN	107.641	NaN	118.946	110.698
18	108.262	114.26	NaN	113.22	88.2229	85.0548	88.924	99.7636	NaN	104.163	NaN	114.383	107.468
19	103.332	112.629	NaN	111.552	84.4927	82.5949	85.0072	96.1708	NaN	100.702	NaN	109.819	104.201
20	98.4017	109.123	NaN	109.599	80.0273	79.3133	81.1753	91.3142	NaN	97.0586	NaN	105.128	100.958
21	92.9371	103.697	NaN	106.092	74.749	73.6598	75.6192	85.4989	NaN	92.1979	NaN	100.074	96.1401
22	87.006	98.4709	NaN	102.586	68.1541	67.2192	69.9191	79.6837	NaN	85.4754	NaN	93.6733	91.8514
23	81.0749	93.5544	NaN	96.0192	61.0473	60.104	63.4771	73.8685	NaN	77.2632	NaN	86.6352	86.9
26	70.3458	84.3228	NaN	83.0847	49.7491	47.5598	51.6049	63.0535	NaN	62.0729	NaN	72.1407	73.2058
27	77.3801	87.8227	NaN	89.0398	57.0466	53.7788	58.3555	70.3145	NaN	66.9173	NaN	77.9729	77.599
28	84.4144	94.2785	NaN	95.0112	66.1274	58.835	65.106	77.5754	NaN	71.7617	NaN	83.9401	82.567
29	91.4487	99.1295	NaN	100.983	76.2553	64.1881	71.8565	84.8363	NaN	76.6061	NaN	89.9073	88.216
30	98.483	104.429	NaN	106.954	89.4717	68.0933	79.1948	91.3919	NaN	80.4901	NaN	95.8745	93.865
31	105.156	110.719	NaN	112.926	103.747	72.2461	86.8388	97.8555	NaN	84.6643	NaN	101.593	98.9049
32	111.689	115.908	NaN	119.152	113.056	77.5308	94.4828	105.271	NaN	89.9722	NaN	106.814	103.233
33	118.456	120.018	NaN	125.349	117.849	88.9015	102.127	117.415	NaN	98.4792	NaN	112.05	108.698
34	125.361	123.971	NaN	131.41	122.554	116.828	109.771	130.243	NaN	110.906	NaN	117.83	114.016
35	131.902	128.578	NaN	137.472	127.01	125.345	117.247	138.758	NaN	123.082	NaN	123.61	118.218
36	135.255	131.675	NaN	142.269	129.856	130.082	123.574	142.89	NaN	124.804	NaN	129.39	122.421
37	136.996	133.088	NaN	145.096	131.51	133.613	127.956	144.824	NaN	125.497	NaN	134.014	126.624
38	137.773	133.267	NaN	146.751	133.007	136.654	131.67	146.759	NaN	126.189	NaN	137.426	130.249
39	136.833	130.659	NaN	147.307	134.504	139.897	134.147	148.338	NaN	126.882	NaN	139.731	132.308
40	135.893	129.423	NaN	146.512	136.542	143.133	136.075	148.325	NaN	127.575	NaN	141.542	134.368
41	134.952	126.798	NaN	145.638	139.525	145.836	136.798	148.195	NaN	128.268	NaN	143.142	136.427
42	134.07	128.567	NaN	144.488	140.419	146.149	137.314	147.551	NaN	128.822	NaN	143.067	137.803
43	133.453	131.599	NaN	144.264	139.901	145.377	136.544	146.547	NaN	128.774	NaN	142.749	136.532
44	132.836	132.384	NaN	143.929	138.828	142.924	135.25	145.243	NaN	128.726	NaN	140.59	135.261
45	132.113	130.566	NaN	141.868	137.251	140.472	133.826	143.456	NaN	128.569	NaN	138.169	133.99
46	130.989	121.615	NaN	138.077	133.271	136.117	130.818	136.389	NaN	127.914	NaN	135.066	131.458
47	129.865	118.27	NaN	133.022	128.237	131.46	126.913	128.808	NaN	123.627	NaN	131.796	128.563
48	128.233	116.8	NaN	129.157	124.804	128.275	123.266	125.955	NaN	120.875	NaN	128.226	125.669
49	125.751	111.257	NaN	127.991	124.298	129.019	120.927	125.346	NaN	120.055	NaN	123.454	122.774
50	121.848	103.777	NaN	126.133	122.001	129.517	117.581	119.864	NaN	117.975	NaN	118.099	119.88
51	116.054	97.1452	NaN	118.982	114.302	124.685	113.88	115.524	NaN	112.141	NaN	112.744	113.621
52	109.784	90.0701	NaN	108.67	100.808	114.941	108.377	103.762	NaN	103.707	NaN	106.804	107.165
53	103.322	84.0819	NaN	102.343	91.6868	102.835	102.399	90.8715	NaN	94.1352	NaN	100.86	100.71
54	96.6685	78.9942	NaN	96.386	86.5156	96.0858	96.0199	86.3689	NaN	87.2364	NaN	94.9159	94.2538
55	90.0154	75.3813	NaN	89.947	82.5647	89.3415	89.2168	83.5879	NaN	80.467	NaN	89.073	87.9898
56	83.4184	71.7157	NaN	83.4033	77.3826	82.4396	82.4097	78.1725	NaN	73.6975	NaN	83.3094	81.9946
59	79.5325	71.9595	NaN	79.5541	75.3417	77.748	78.0486	75.4885	NaN	70.4821	NaN	79.9376	78.9273
60	85.582	77.2995	NaN	85.5877	82.0009	82.6849	83.2433	82.7091	NaN	76.8536	NaN	85.8501	85.0805
61	91.5854	82.3747	NaN	91.2225	87.798	87.7743	88.438	89.9697	NaN	83.202	NaN	91.6355	90.0818
62	97.1332	87.619	NaN	96.3939	93.1087	92.9557	93.4766	94.6995	NaN	89.5505	NaN	97.4	94.2311
63	102.636	91.2515	NaN	101.354	98.1403	97.4531	98.4694	98.0034	NaN	95.899	NaN	102.319	98.2088
64	107.748	96.0568	NaN	106.096	102.01	101.498	101.999	102.914	NaN	101.363	NaN	106.64	103.174
65	111.537	101.916	NaN	109.67	105.895	104.862	103.703	107.334	NaN	105.204	NaN	109.687	107.708
66	112.814	104.962	NaN	110.78	107.956	105.184	103.675	108.595	NaN	105.288	NaN	111.407	108.877
67	110.92	102.735	NaN	109.941	104.304	101.137	102.293	107.6	NaN	102.99	NaN	111.796	105.833
68	106.896	96.7913	NaN	108.491	99.0404	96.3624	100.683	103.64	NaN	100.061	NaN	111.097	102.485
69	104.213	93.5252	NaN	107.253	96.634	92.0595	99.0739	99.7767	NaN	98.9299	NaN	109.987	99.6342
70	103.18	94.1854	NaN	107.752	98.5555	91.6543	97.4447	102.705	NaN	101.776	NaN	109.161	98.8964
71	101.951	94.3932	NaN	107.739	102.412	93.2184	95.546	109.234	NaN	106.185	NaN	109.038	97.0066
72	100.412	91.7205	NaN	105.572	103.669	93.9372	93.6472	108.436	NaN	105.008	NaN	108.496	94.8922
73	98.1452	89.6419	NaN	101.55	100.302	93.3746	91.7485	104.119	NaN	101.147	NaN	106.469	91.242
74	95.6965	84.8748	NaN	97.1337	94.086	90.5686	88.7995	97.1919	NaN	97.7313	NaN	102.262	86.6791
75	92.8351	82.1325	NaN	92.447	88.1881	85.5976	85.9949	90.9307	NaN	93.3403	NaN	97.0848	83.677
76	89.7623	77.0511	NaN	87.5101	82.7482	80.8495	82.662	85.8791	NaN	88.252	NaN	91.0786	82.6566
77	86.4258	71.7576	NaN	83.1368	78.0185	76.7438	78.8673	80.3783	NaN	83.9804	NaN	85.6941	82.7966
78	84.2626	65.4705	NaN	80.7817	75.2922	73.2844	75.4701	78.4794	NaN	82.227	NaN	83.0797	83.304
79	85.3689	66.6678	NaN	80.7316	74.682	73.8036	76.0158	78.8622	NaN	83.7899	NaN	84.6661	84.4963
80	90.199	69.8479	NaN	83.1916	75.0368	75.8311	79.0833	80.2694	NaN	86.5084	NaN	89.7504	89.8191
81	94.9803	73.7844	NaN	85.929	75.7533	77.9082	80.7746	82.0305	NaN	89.0015	NaN	94.9483	94.367
82	97.7849	76.2506	NaN	88.1609	77.6221	80.5432	82.2179	84.3965	NaN	90.9516	NaN	97.688	97.5695
83	98.8282	76.2734	NaN	89.2788	78.1932	81.4847	81.7339	82.7747	NaN	91.1112	NaN	96.4601	96.811
84	94.9824	74.6883	NaN	85.9718	76.8866	79.1435	80.1202	80.4826	NaN	87.5822	NaN	90.4616	94.9791
85	88.6081	69.921	NaN	80.6298	73.9609	75.0846	77.6679	76.4536	NaN	82.7221	NaN	84.3003	89.8563
86	80.0908	63.4508	NaN	72.7641	69.881	69.3887	73.4212	71.246	NaN	77.3754	NaN	76.5915	83.2648
87	70.5004	51.7528	NaN	62.5039	62.2141	65.0414	69.4882	64.9001	NaN	68.5131	NaN	67.9149	76.104
88	61.977	43.595	NaN	51.4627	54.7434	61.1445	65.271	57.2419	NaN	58.4393	NaN	58.0517	70.79
89	57.87	37.1807	NaN	47.7673	46.9209	61.5129	62.9159	49.27	NaN	49.0438	NaN	49.4155	67.4377
91	61.7858	38.1522	NaN	54.7709	43.2294	66.173	65.8385	45.4019	NaN	46.7877	NaN	51.8903	72.0817
93	53.8182	39.0179	NaN	50.9484	34.4237	55.3144	53.0943	34.8329	NaN	39.2619	NaN	47.0275	62.628
96	56.92	56.284	NaN	65.1477	52.7861	55.6097	52.1267	54.3582	NaN	58.9043	NaN	65.1722	66.1702
98	47.209	51.9219	NaN	62.3496	51.7867	49.3206	41.2005	54.8947	NaN	57.3271	NaN	62.2286	57.2168
99	51.559	54.1586	NaN	66.4174	54.496	51.4521	39.3548	57.1179	NaN	61.7918	NaN	66.7652	63.331
100	60.0233	59.7909	NaN	69.2484	56.7572	52.0653	39.3906	58.5526	NaN	64.2289	NaN	71.5511	67.5775
101	63.3275	64.5709	NaN	71.3327	56.5926	51.7713	39.5768	59.494	NaN	64.895	NaN	71.8828	69.5506
102	63.4989	62.7332	NaN	72.3961	55.4736	48.2391	40.9769	60.1733	NaN	63.7448	NaN	71.408	68.9443
103	63.7969	63.0147	NaN	72.2216	54.7334	47.8639	42.7506	60.5894	NaN	61.9498	NaN	71.1786	68.1932
104	64.0949	62.0072	NaN	71.7685	54.747	49.5739	45.3169	60.7125	NaN	61.1149	NaN	70.7354	67.7
105	64.1147	60.9691	NaN	70.9461	55.4985	52.0641	48.3203	60.367	NaN	60.7318	NaN	70.0233	64.8223
106	64.0284	59.7645	NaN	69.6179	56.211	53.7418	51.3548	58.9404	NaN	60.3651	NaN	68.8047	61.8619
107	63.8764	59.2685	NaN	68.3009	56.4307	55.2212	53.3262	58.2425	NaN	60.0209	NaN	66.2032	59.4076
108	64.0808	58.6078	NaN	67.3434	56.644	56.5898	54.7396	58.2025	NaN	59.6767	NaN	65.2929	57.4573
109	64.6197	58.8743	NaN	67.1352	57.8544	58.0482	57.8618	60.7875	NaN	60.0435	NaN	64.4983	57.2512
110	64.7581	60.1122	NaN	66.9179	58.867	59.8202	61.0631	64.0272	NaN	60.6467	NaN	63.8015	56.1596
111	64.6859	60.7106	NaN	66.5319	59.3004	60.0148	62.4448	65.6629	NaN	61.25	NaN	63.0828	55.4733
112	64.6138	60.7149	NaN	66.1098	58.3109	58.7425	62.5639	64.6229	NaN	61.4722	NaN	62.2878	55.0195
113	64.5416	60.25	NaN	64.646	56.406	54.8558	62.0195	62.0363	NaN	60.9182	NaN	61.4927	55.0365
114	63.7626	59.3708	NaN	64.4272	55.5375	56.7684	61.1424	59.9444	NaN	60.094	NaN	60.6922	55.6905
116	64.3062	59.561	NaN	66.0373	56.28	59.083	61.0582	59.8925	NaN	59.9504	NaN	61.3215	56.9572
117	61.3319	55.9851	NaN	65.7978	54.3573	55.9065	60.0315	58.2431	NaN	56.5276	NaN	60.4007	55.3176
118	62.0297	55.5956	NaN	68.7379	56.5032	56.5299	60.5015	NaN	60.7293	61.7615	NaN	61.8693	58.4111
119	65.6969	58.5951	NaN	73.8025	62.0751	61.6819	62.209	NaN	66.7631	69.1639	NaN	64.841	63.4058
120	71.199	60.2689	NaN	78.6143	67.8514	69.0861	64.1491	NaN	72.7216	72.7703	NaN	67.5398	69.14
121	76.7011	63.5561	NaN	81.7877	73.4138	72.7413	66.3201	NaN	75.5938	73.0324	NaN	68.1459	72.9403
122	81.2591	69.0508	NaN	84.1204	76.3129	74.1578	68.633	NaN	76.7703	72.0473	NaN	68.4473	71.7414
123	84.2636	74.1392	NaN	85.6027	77.4245	74.1229	70.4167	NaN	77.91	70.9798	NaN	68.7486	71.0559
124	86.386	78.682	NaN	85.8298	78.5648	73.7694	70.197	NaN	77.8876	70.0372	NaN	69.7518	70.5346
125	86.5156	80.0797	NaN	84.9253	79.7292	73.3442	69.827	NaN	77.2646	69.6007	NaN	70.8791	69.7392
126	83.6009	80.8765	NaN	83.669	79.4333	73.4316	68.4399	NaN	76.8802	69.9474	NaN	71.7296	68.5643
127	80.6862	79.7758	NaN	81.7431	76.8927	73.2375	67.0528	NaN	75.0486	69.9457	NaN	71.5376	65.6149
128	77.8325	80.8294	NaN	79.8023	72.1028	72.9207	63.7622	NaN	71.8029	69.0229	NaN	69.0354	62.3173
129	75.0574	81.461	NaN	77.1328	67.2663	71.7351	59.755	NaN	67.3298	67.2362	NaN	64.2307	58.4197
130	72.2822	81.5891	NaN	74.4633	62.2979	67.0264	54.6385	NaN	62.5068	64.6152	NaN	58.6265	53.5662
133	68.5105	NaN	73.3846	70.3276	53.2035	55.8107	45.7352	NaN	51.8833	54.5048	NaN	46.2988	43.952
134	81.2292	NaN	81.246	81.3929	64.5778	64.4917	59.7763	NaN	60.7245	63.8636	NaN	56.2617	53.6911
135	90.5551	NaN	87.6521	89.6362	74.0093	72.4332	70.7208	NaN	69.2953	72	NaN	64.7362	62.3421
136	97.3981	NaN	94.173	97.5965	82.0534	78.959	79.7933	NaN	77.0729	79.1424	NaN	72.8375	69.7075
137	103.097	NaN	98.2271	103.786	88.2807	85.3935	86.9885	NaN	83.3782	84.4187	NaN	80.7582	77.073
138	109.461	NaN	101.272	108.178	93.2241	90.6724	92.7046	NaN	88.7348	89.3979	NaN	88.3854	83.0097
139	113.907	NaN	102.52	110.857	97.1197	95.1605	97.581	NaN	91.574	92.9469	96.1244	95.3282	88.3637
140	117.105	NaN	102.79	113.003	100.208	98.7208	101.67	NaN	94.033	95.9647	98.7773	99.9316	91.3943
141	118.128	NaN	105.197	115.098	102.615	101.509	103.912	NaN	96.0856	98.3415	101.643	101.76	94.4249
142	117.828	NaN	106.156	116.133	105.023	103.673	105.56	NaN	97.7025	100.615	103.596	102.876	97.0297
143	117.197	NaN	106.076	116.358	106.535	103.603	105.074	NaN	97.8365	101.461	103.772	103.685	98.0653
144	115.918	NaN	107.806	115.736	107.822	102.938	103.988	NaN	97.1504	101.907	102.321	102.69	99.1009
145	114.968	NaN	109.439	114.701	108.573	102.273	101.541	NaN	96.2214	102.306	101.055	100.872	100.137
146	114.138	NaN	109.674	113.666	108.148	99.831	99.0647	NaN	97.7068	102.514	99.7931	98.7798	100.723
147	113.27	NaN	110.685	111.333	107.696	99.3752	96.588	NaN	98.5496	102	98.2376	96.2516	101.159
148	112.005	NaN	109.936	108.266	104.369	99.4166	93.6327	NaN	98.2028	98.8642	95.9599	93.6677	98.7778
149	109.558	NaN	105.381	104.8	98.7021	95.6269	89.1886	NaN	93.3543	92.9032	91.3629	89.1247	95.2047
150	105.452	NaN	100.337	100.596	92.5035	87.8135	82.7297	NaN	84.9813	85.7985	85.2373	83.4858	90.3473
151	99.3872	NaN	92.6061	95.0936	84.989	78.1675	76.2709	NaN	76.5409	78.8396	77.2944	76.9576	84.3222
152	92.4654	NaN	86.3912	88.4308	77.2497	67.8548	69.2292	NaN	68.1004	72.1152	67.976	68.8732	76.6871
153	84.0365	NaN	80.9791	79.5153	68.1291	57.0143	60.4627	NaN	58.4837	63.5606	57.3289	59.4379	67.5209
155	83.7486	NaN	82.0705	81.4195	71.6988	61.7962	64.5189	NaN	63.476	69.6648	62.3828	64.7064	69.5257
156	83.9922	NaN	81.191	82.1597	72.8568	64.1918	65.3914	NaN	65.6817	72.2475	64.8735	66.64	71.3712
157	83.4678	NaN	79.3637	81.5152	73.4377	66.5874	65.9397	NaN	67.6591	73.7376	65.2173	67.4952	72.854
158	82.9025	NaN	77.2707	80.7086	73.2593	68.1729	66.2632	NaN	68.1289	73.1384	65.3711	68.1657	72.1667
159	82.3371	NaN	73.5848	79.9162	70.8323	68.1937	66.4939	NaN	67.1517	70.4539	64.6733	68.6696	71.6804
160	82.4327	NaN	73.674	79.1456	68.7906	67.0994	66.8336	NaN	64.8897	68.6146	64.6866	69.2824	71.9525
161	82.9858	NaN	73.7215	78.5061	68.3389	66.3921	67.868	NaN	64.8303	67.6445	65.0861	69.8953	71.8769
162	83.7051	NaN	69.4408	78.0643	69.8089	68.126	68.734	NaN	65.4556	68.0529	65.4987	70.6265	71.4566
163	83.2781	NaN	70.8919	77.7879	71.2629	66.5997	69.1723	NaN	65.7213	68.8349	65.7709	71.1867	70.8488
164	82.282	NaN	71.8874	77.7429	71.9851	66.4011	69.4236	NaN	66.074	69.592	66.043	71.3924	70.218
165	80.908	NaN	70.4785	77.7089	73.1595	66.3884	69.4236	NaN	66.5752	70.3491	66.6074	71.6838	69.5872
166	79.1032	NaN	71.6725	77.9958	74.3338	66.5721	69.4236	NaN	66.9833	71.6043	67.2259	72.4838	69.5618
168	78.8613	NaN	74.7844	79.4645	78.5713	68.1092	70.8575	NaN	68.7877	74.4164	69.9751	75.9202	71.7153
170	76.3259	NaN	72.3405	74.8844	74.1919	65.9739	66.8421	NaN	66.2151	68.203	67.0648	72.1135	66.7757
171	77.355	NaN	68.7592	74.2678	72.1441	67.6982	65.7139	NaN	66.6841	67.424	67.3405	71.8846	67.5528
172	76.331	NaN	68.2528	73.6513	70.0118	66.3561	64.7891	NaN	65.9842	66.5334	67.4038	71.3639	67.441
173	75.2341	NaN	68.8592	72.8553	67.819	64.9373	63.5023	NaN	65.2843	65.2677	66.1765	70.8433	65.917
174	73.7007	NaN	70.8166	72.5018	67.0828	63.4451	61.8487	NaN	64.3739	64.1909	63.8281	70.3226	63.5415
175	72.8456	NaN	72.0548	72.8464	67.419	63.6998	61.5156	NaN	63.1348	63.6244	61.3101	71.5006	63.5164
177	79.8951	NaN	78.4164	79.0957	69.4197	71.8392	65.8298	NaN	67.5369	64.7144	65.9189	75.6137	68.7147
179	86.0736	NaN	82.8523	82.7371	67.4819	71.9578	65.5937	NaN	68.3912	58.5453	62.7819	71.3142	67.2263
180	93.1558	NaN	88.4695	91.2384	71.1475	73.4527	67.871	NaN	70.4743	60.4429	63.4015	70.5477	66.7867
181	96.019	NaN	90.3726	95.2855	74.9832	75.3159	70.225	NaN	72.6553	63.6086	64.3864	71.8386	66.3274
182	95.8856	NaN	89.5032	96.1672	77.746	76.4547	72.5915	NaN	74.6747	64.6817	65.3712	73.3401	65.8863
183	94.753	NaN	88.5498	96.1067	78.4245	76.1615	73.642	NaN	74.5682	65.6391	66.062	73.6644	65.4596
184	93.8184	NaN	86.636	95.1421	78.8755	74.4993	72.6684	NaN	73.7155	66.5672	66.0956	72.534	64.5302
185	92.8839	NaN	82.6948	93.4263	78.3414	72.3213	71.0494	NaN	71.8279	65.7757	65.1994	70.6444	63.1469
186	91.5668	NaN	77.8332	91.977	76.6026	71.2148	68.8364	NaN	70.4087	64.3595	63.7686	68.3746	61.6038
187	88.9603	NaN	75.8829	89.6741	74.2326	70.041	65.7875	NaN	68.3245	61.807	61.2993	65.4243	59.6656
188	84.3406	NaN	71.6411	85.8692	68.4456	63.8605	61.0735	NaN	62.7198	56.8307	57.3742	59.8065	54.6562
189	78.8486	NaN	65.7955	79.1679	59.6033	56.9679	54.1191	NaN	54.322	47.4007	49.9169	53.4769	46.6818
190	39.7533	NaN	NaN	NaN	36.6165	NaN	38.2504	39.9905	NaN	42.0892	NaN	44.7093	44.2786
191	54.8435	NaN	NaN	NaN	54.4467	NaN	53.7321	56.5883	NaN	58.0479	NaN	59.3946	58.3863
192	64.724	NaN	NaN	NaN	66.4883	NaN	64.6035	67.2203	NaN	69.6603	NaN	69.7757	67.0642
193	68.8984	NaN	NaN	NaN	70.7454	NaN	70.7342	70.5964	NaN	72.9177	NaN	75.1411	72.7089
194	68.1356	NaN	NaN	NaN	68.8515	NaN	71.5504	70.0442	NaN	71.1986	NaN	76.8014	74.3137
195	62.8831	NaN	NaN	NaN	62.8154	NaN	66.437	62.8341	NaN	64.1463	NaN	73.5573	70.1811
196	52.7174	NaN	NaN	NaN	53.2046	NaN	55.5661	52.9303	NaN	53.3526	NaN	63.3509	59.846
