NaN	1928.0000	1933.0000	1933.0000	1949.7425	1958.4658	1967.3096	1971.1014	1975.4219	1975.2822	1995.7041	2000.3726	2006.7781	2011.0301
NaN	3.2133	NaN	NaN	3.0574	3.0187	3.0464	2.8750	2.2724	2.2724	3.8068	4.1485	2.1235	2.1681
0	100.303	NaN	NaN	75.1065	74.878	74.0487	77.3896	76.0546	NaN	84.713	NaN	82.6455	78.322
1	107.226	NaN	NaN	88.5601	89.2988	89.1066	91.3037	90.089	NaN	97.8112	NaN	97.1677	93.4875
2	114.15	NaN	NaN	101.412	102.702	102.02	105.058	102.325	NaN	109.11	NaN	108.109	104.787
3	121.631	NaN	NaN	110.322	112.028	111.853	114.261	111.613	NaN	117.933	NaN	117.095	114.275
4	128.583	NaN	NaN	118.73	119.851	118.552	121.585	118.966	NaN	124.777	NaN	124.616	120.933
5	134.693	NaN	NaN	124.814	125.975	124.828	127.422	124.986	NaN	130.701	NaN	130.181	128.034
6	140.469	NaN	NaN	130.985	130.4	129.975	132.684	130.094	NaN	136.649	NaN	134.563	133.474
7	146.239	NaN	NaN	136.513	135.115	134.609	137.361	134.406	NaN	142.282	NaN	140.37	139.605
8	151.68	NaN	NaN	141.939	140.414	139.418	142.42	139.358	NaN	146.993	NaN	144.904	146.896
9	155.6	NaN	NaN	144.624	143.877	143.727	146.611	144.022	NaN	149.465	NaN	149.317	150.859
10	157.638	NaN	NaN	143.685	145.404	145.424	149.117	146.353	NaN	149.907	NaN	152.144	153.181
11	158.763	NaN	NaN	143.587	146.101	145.968	149.153	146.873	NaN	150.109	NaN	151.812	153.49
12	159.018	NaN	NaN	143.524	146.427	146.265	149.85	146.58	NaN	149.665	NaN	149.424	149.902
13	157.91	NaN	NaN	144.251	145.147	145.444	150.061	148.032	NaN	150.514	NaN	147.156	147.514
14	157.097	NaN	NaN	143.843	144.038	144.862	149.845	146.393	NaN	148.758	NaN	146.361	147.65
15	156.214	NaN	NaN	144.181	142.966	144.567	148.497	144.476	NaN	148.509	NaN	146.331	148.213
16	154.789	NaN	NaN	144.423	142.672	143.574	146.846	143.694	NaN	147.674	NaN	144.663	147.207
17	152.782	NaN	NaN	144.108	140.84	141.619	145.55	142.832	NaN	146.78	NaN	142.462	144.481
18	149.788	NaN	NaN	143.552	138.346	138.649	142.015	140.384	NaN	141.804	NaN	141.201	141.748
19	145.813	NaN	NaN	138.789	134.55	135.198	137.779	135.129	NaN	136.288	NaN	138.089	136.249
20	139.297	NaN	NaN	133.116	131.443	130.911	133.708	131.97	NaN	133.448	NaN	134.667	131.208
21	132.562	NaN	NaN	129.037	126.41	126.345	129.725	127.417	NaN	128.591	NaN	130.285	127.703
22	129.023	NaN	NaN	124.212	122.264	121.771	124.784	122.474	NaN	124.795	NaN	123.446	122.996
23	125.94	NaN	NaN	118.753	115.053	115.999	117.658	116.638	NaN	118.413	NaN	115.666	114.781
26	116.725	NaN	NaN	106.874	102.915	101.109	102.032	100.675	NaN	99.7211	NaN	100.354	97.6314
27	122.472	NaN	NaN	113.178	109.401	107.19	108.265	106.724	NaN	104.005	NaN	105.319	104.103
28	127.813	NaN	NaN	119.143	115.247	114.019	114.317	113.048	NaN	110.548	NaN	111.016	109.69
29	132.451	NaN	NaN	124.518	121.288	120.425	120.06	119.318	NaN	117.875	NaN	117.914	116.777
30	136.873	NaN	NaN	129.481	126.507	126.146	125.963	125.588	NaN	125.9	NaN	126.178	122.788
31	141.294	NaN	NaN	133.165	131.398	131.266	130.572	130.974	NaN	130.708	NaN	131.476	127.255
32	144.418	NaN	NaN	136.824	135.046	136.05	134.038	134.415	NaN	134.501	NaN	136.312	133.03
33	149.163	NaN	NaN	144.241	141.852	142.399	140.508	140.837	NaN	140.665	NaN	142.394	139.736
34	153.534	NaN	NaN	150.951	149.276	150.174	148.021	148.645	NaN	146.826	NaN	148.332	147.366
35	156.777	NaN	NaN	157.391	154.601	154.791	153.135	153.236	NaN	151.716	NaN	152.96	152.275
36	160.486	NaN	NaN	160.49	160.488	158.799	156.03	156.94	NaN	154.391	NaN	154.326	155.253
37	162.941	NaN	NaN	162.839	161.768	157.593	157.355	158.377	NaN	154.912	NaN	155.701	157.073
38	162.461	NaN	NaN	162.162	160.392	158.679	159.123	159.382	NaN	157.679	NaN	157.427	158.581
39	160.418	NaN	NaN	162.035	161.879	160.676	160.541	160.814	NaN	160.141	NaN	159.677	160.171
40	157.556	NaN	NaN	160.777	162.549	162.552	161.449	162.339	NaN	162.424	NaN	162.703	161.87
41	156.502	NaN	NaN	160.777	161.963	163.618	162.07	162.265	NaN	161.658	NaN	163.38	163.817
42	157.76	NaN	NaN	160.454	161.994	163.906	162.341	163.18	NaN	160.496	NaN	161.947	163.308
43	158.235	NaN	NaN	160.584	161.4	163.216	162.219	162.93	NaN	161.833	NaN	161.103	162.137
44	158.557	NaN	NaN	160.838	160.149	161.715	160.863	162.084	NaN	161.533	NaN	159.843	160.24
45	155.771	NaN	NaN	159.823	157.902	159.414	158.356	159.022	NaN	157.537	NaN	157.431	157.336
46	151.092	NaN	NaN	156.417	153.524	154.468	153.353	153.757	NaN	154	NaN	153.79	153.572
47	148.471	NaN	NaN	150.391	147.732	149.637	148.782	148.915	NaN	148.758	NaN	148.7	148.807
48	147.191	NaN	NaN	148.024	146.303	147.894	147.53	147.932	NaN	147.358	NaN	146.436	146.681
49	147.256	NaN	NaN	147.917	146.025	147.577	146.599	146.456	NaN	147.216	NaN	145.77	145.524
50	145.761	NaN	NaN	145.556	144.198	146.638	145.183	145.351	NaN	144.818	NaN	144.736	143.734
51	139.352	NaN	NaN	141.227	140.775	142.981	142.323	143.863	NaN	140.782	NaN	140.795	140.581
52	131.933	NaN	NaN	135.277	133.108	135.191	134.898	134.693	NaN	134.636	NaN	133.985	134.452
53	125.493	NaN	NaN	126.945	124.633	126.666	126.141	126.25	NaN	126.176	NaN	126.578	125.961
54	119.076	NaN	NaN	118.046	117.984	120.361	119.09	120.087	NaN	119.786	NaN	118.601	118.916
55	111.676	NaN	NaN	111.294	111.077	113.04	111.843	113.209	NaN	113.043	NaN	114.325	112.484
56	104.049	NaN	NaN	104.42	103.753	103.791	104.528	104.442	NaN	104.537	NaN	106.805	105.776
59	100.836	NaN	NaN	101.189	99.2337	99.9426	100.744	101.04	NaN	102.144	NaN	101.318	100.953
60	106.792	NaN	NaN	106.674	105.139	106.35	106.466	105.541	NaN	106.624	NaN	106.401	106.396
61	110.99	NaN	NaN	111.576	110.008	112.297	111.186	110.669	NaN	111.536	NaN	111.639	111.566
62	115.142	NaN	NaN	115.337	114.565	116.132	115.486	115.598	NaN	115.424	NaN	116.134	116.027
63	119.745	NaN	NaN	119.606	119.059	120.679	120.268	120.94	NaN	119.688	NaN	120.338	120.317
64	125.165	NaN	NaN	123.851	123.176	124.474	124.76	124.436	NaN	124.046	NaN	124.506	124.214
65	128.881	NaN	NaN	127.109	126.29	127.632	127.08	127.476	NaN	126.556	NaN	126.682	126.214
66	130.06	NaN	NaN	128.35	127.999	128.652	127.625	127.725	NaN	127.564	NaN	127.442	127.118
67	128.223	NaN	NaN	127.126	126.735	127.114	126.649	126.461	NaN	126.93	NaN	126.704	126.137
68	124.804	NaN	NaN	124.599	123.749	124.205	124.996	124.136	NaN	124.962	NaN	124.121	124.277
69	121.757	NaN	NaN	122.353	121.642	122.183	123.495	122.306	NaN	123.085	NaN	124.118	124.876
70	121.838	NaN	NaN	123.147	122.193	122.252	123.272	124.141	NaN	122.913	NaN	125.023	125.46
71	124.087	NaN	NaN	123.764	122.909	122.468	121.759	125.268	NaN	123.529	NaN	125.532	125.717
72	123.342	NaN	NaN	120.031	121.598	121.433	117.615	122.733	NaN	121.635	NaN	123.61	123.036
73	117.695	NaN	NaN	115.297	116.461	117.171	112.903	117.356	NaN	117.404	NaN	118.868	118.976
74	111.641	NaN	NaN	110.663	110.026	110.855	108.317	111.579	NaN	111.88	NaN	113.336	114.183
75	106.188	NaN	NaN	104.705	104.956	105.4	104.123	105.899	NaN	106.374	NaN	106.802	108.164
76	101.754	NaN	NaN	98.3176	100.245	99.8853	101.332	100.755	NaN	101.019	NaN	103.314	102.67
77	99.748	NaN	NaN	93.9858	96.0569	93.9053	97.8774	96.6372	NaN	98.6378	NaN	99.0883	98.6898
78	100.199	NaN	NaN	93.61	93.8846	91.8318	94.6287	95.0206	NaN	97.8698	NaN	95.1689	97.1451
79	103.274	NaN	NaN	94.4717	94.3401	92.8747	96.245	95.9699	NaN	97.6465	NaN	98.8142	99.3745
80	107.76	NaN	NaN	97.3452	95.8627	94.7058	98.0124	98.5122	NaN	99.6046	NaN	105.318	108.023
81	110.006	NaN	NaN	101.087	98.1574	98.2102	100.315	99.4911	NaN	103.894	NaN	108.24	111.696
82	112.366	NaN	NaN	103.306	100.135	100.721	101.876	101.998	NaN	107.043	NaN	110.011	112.98
83	112.266	NaN	NaN	103.609	99.3983	100.822	101.258	101.248	NaN	106.638	NaN	108.682	112.936
84	109.868	NaN	NaN	101.344	96.5744	97.4885	98.4106	98.3022	NaN	100.707	NaN	103.242	108.588
85	105	NaN	NaN	96.0936	92.2006	91.7533	93.0724	92.9439	NaN	94.5503	NaN	96.9497	102.236
86	97.1908	NaN	NaN	89.2274	87.5744	85.0263	87.7844	87.7078	NaN	88.833	NaN	90.618	95.6848
87	89.0256	NaN	NaN	83.7482	83.4453	81.2439	84.2737	84.9018	NaN	83.2861	NaN	83.7359	88.9521
88	83.5175	NaN	NaN	79.7397	79.7651	79.5241	84.596	84.01	NaN	81.1028	NaN	82.944	84.0531
89	83.3697	NaN	NaN	80.4197	80.1564	80.9109	88.8189	87.3295	NaN	83.6533	NaN	85.3359	84.9358
91	90.5118	NaN	NaN	86.6526	87.1097	87.0276	96.4108	93.6829	NaN	89.0855	NaN	90.7412	90.9723
93	80.5279	NaN	NaN	79.6911	80.8076	81.2352	90.1235	86.6319	NaN	81.8353	NaN	85.506	85.6144
96	87.1127	NaN	NaN	84.1785	85.7482	85.8509	94.5124	91.347	NaN	85.8617	NaN	90.2813	92.5251
98	73.2403	NaN	NaN	73.8988	73.0589	74.0455	82.5951	79.8052	NaN	72.6015	NaN	77.9759	82.2821
99	72.5487	NaN	NaN	76.5413	73.8005	73.217	71.8189	73.7436	NaN	74.004	NaN	77.1098	79.0623
100	74.4434	NaN	NaN	78.8003	78.1493	77.1577	74.9917	76.6433	NaN	75.9314	NaN	78.8735	84.067
101	74.7755	NaN	NaN	79.7256	80.1663	78.1582	76.1227	78.0696	NaN	75.3045	NaN	80.2204	84.2757
102	75.1957	NaN	NaN	80.3264	80.8732	78.1479	76.7232	78.5857	NaN	71.2287	NaN	81.3269	84.1885
103	76.1446	NaN	NaN	80.2639	81.795	78.5195	76.9109	78.2143	NaN	74.1584	NaN	82.0251	83.9493
104	76.6805	NaN	NaN	80.1015	81.8312	77.9842	76.7099	78.009	NaN	71.8674	NaN	81.0934	83.854
105	77.245	NaN	NaN	79.8152	81.5584	77.3689	76.0173	78.3246	NaN	71.9482	NaN	78.5637	81.4196
106	77.119	NaN	NaN	79.4859	80.1535	76.4996	75.126	76.4595	NaN	72.4073	NaN	77.22	78.7235
107	75.5649	NaN	NaN	78.3446	77.2746	75.4535	74.0516	74.9781	NaN	72.3521	NaN	75.4582	76.2933
108	75.2942	NaN	NaN	79.1631	77.5354	75.7911	73.9977	74.5817	NaN	72.4261	NaN	75.5579	75.8132
109	77.5795	NaN	NaN	80.6242	77.5874	77.2562	74.6991	75.4304	NaN	72.483	NaN	76.6518	76.7043
110	80.0698	NaN	NaN	82.2195	78.4816	78.311	75.3103	77.6952	NaN	76.4696	NaN	78.5542	77.806
111	81.2754	NaN	NaN	83.3336	78.9108	78.7693	76.613	78.4259	NaN	74.4418	NaN	79.051	78.4067
112	81.9215	NaN	NaN	83.2978	78.1623	78.8994	76.6345	77.4705	NaN	72.8189	NaN	78.3824	77.4194
113	81.4428	NaN	NaN	83.3212	77.2916	78.1309	76.3153	76.8442	NaN	77.0247	NaN	77.4006	76.6479
114	81.1134	NaN	NaN	82.5865	76.2949	77.8269	75.6978	75.55	NaN	76.0304	NaN	76.4782	76.3581
116	81.9401	NaN	NaN	83.0006	76.3549	78.3736	76.9225	77.0251	NaN	77.0853	NaN	77.1998	77.2116
117	79.8949	NaN	NaN	80.9155	73.6184	75.8172	75.0956	75.616	NaN	75.226	NaN	74.9161	74.8413
118	81.9351	NaN	NaN	81.3778	76.287	77.924	78.0738	NaN	77.5199	75.004	NaN	75.5328	75.5328
119	87.9565	NaN	NaN	85.9485	81.4768	83.064	83.917	NaN	83.363	80.8926	NaN	80.8726	81.2084
120	93.3446	NaN	NaN	91.2453	86.6627	88.4311	89.4654	NaN	88.6928	87.3366	NaN	85.634	86.0347
121	99.3822	NaN	NaN	94.7935	90.7375	91.9031	92.7261	NaN	92.1396	89.7204	NaN	88.3797	88.9926
122	102.276	NaN	NaN	97.9421	92.4857	94.7359	95.4373	NaN	95.2578	91.028	NaN	90.0456	90.4063
123	102.852	NaN	NaN	100.745	95.4657	96.8014	97.3078	NaN	96.6533	93.6486	NaN	91.448	91.3736
124	106.259	NaN	NaN	101.864	97.7771	98.6435	98.8391	NaN	97.3013	95.2643	NaN	92.7004	92.7473
125	106.709	NaN	NaN	101.695	98.4999	100.062	99.7657	NaN	98.0569	98.0829	NaN	96.3116	94.0725
126	107.691	NaN	NaN	101.571	99.6392	99.9785	100.413	NaN	98.0276	96.3658	NaN	94.188	93.9918
127	114.456	NaN	NaN	103.211	101.396	100.689	100.625	NaN	97.2931	95.0207	NaN	94.4245	94.0301
128	NaN	NaN	NaN	114.229	105.064	107.741	105.646	NaN	99.8157	94.2456	NaN	94.584	94.5344
129	NaN	NaN	NaN	NaN	NaN	NaN	NaN	NaN	NaN	90.7793	NaN	90.5738	89.5826
130	NaN	NaN	NaN	NaN	126.494	123.914	NaN	NaN	124.977	88.8739	NaN	84.2475	83.0308
133	103.277	NaN	NaN	93.3709	95.0889	96.5512	100.665	NaN	95.4134	86.4717	NaN	85.6999	85.3307
134	112.851	NaN	NaN	97.6844	100.785	99.6667	103.726	NaN	100.11	NaN	NaN	NaN	100.412
135	120.545	NaN	NaN	106.153	107.368	105.655	105.645	NaN	103.501	NaN	NaN	NaN	111.26
136	126.21	NaN	NaN	110.653	112.651	111.655	110.655	NaN	109.916	NaN	NaN	114.478	105.979
137	129.38	NaN	NaN	114.917	116.984	117.106	116.705	NaN	114.721	115.532	NaN	107.53	108.014
138	131.408	NaN	NaN	118.748	120.348	120.468	121.756	NaN	118.861	117.351	NaN	108.373	109.512
139	133.513	NaN	NaN	121.463	123.942	123.378	125.564	NaN	121.751	116.849	NaN	111.743	112.018
140	136.026	NaN	NaN	124.245	126.401	125.629	128.111	NaN	124.763	115.39	118.353	115.171	114.603
141	135.543	NaN	NaN	125.368	127.923	127.731	129.473	NaN	126.571	117.009	119.641	118.24	117.09
142	134.971	NaN	NaN	126.484	129.086	129.3	129.36	NaN	126.695	118.156	121.405	120.1	118.359
143	132.609	NaN	NaN	127.813	129.921	129.501	129.114	NaN	126.253	119.761	123.525	121.202	119.028
144	133.227	NaN	NaN	128.878	130.535	130.95	130.515	NaN	127.009	121.712	125.383	121.631	119.015
145	134.751	NaN	NaN	129.406	131.608	132.148	132.377	NaN	129.863	122.399	126.009	122.033	120.805
146	140.043	NaN	NaN	131.647	133.572	134.059	133.901	NaN	133.018	126.157	127.684	134.94	127.974
147	142.527	NaN	NaN	135.575	134.392	135.415	134.633	NaN	136.17	126.874	129.108	138.865	137.482
148	140.359	NaN	NaN	136.639	134.476	136.615	134.169	NaN	138.098	124.25	129.836	131.055	134.819
149	136.234	NaN	NaN	135.678	132.965	135.565	132.815	NaN	134.639	119.829	125.752	123.208	125.909
150	131.088	NaN	NaN	129.969	126.585	128.066	126.132	NaN	128.338	115.035	118.948	114.642	116.155
151	122.769	NaN	NaN	122.415	117.828	119.754	118.133	NaN	118.598	108.855	110.444	105.365	105.748
152	114.122	NaN	NaN	114.355	109.772	111.239	111.239	NaN	109.49	99.5336	101.752	96.0598	95.5798
153	106.787	NaN	NaN	106.219	102.821	102.505	102.058	NaN	102.021	89.6614	92.7566	86.2372	86.5964
155	104.775	NaN	NaN	101.839	101.372	99.5027	97.7872	NaN	99.161	89.7101	93.8689	86.9056	88.1148
156	103.957	NaN	NaN	101.806	100.397	101.097	98.9459	NaN	99.4674	91.1656	96.0522	89.6962	89.7933
157	102.657	NaN	NaN	102.55	99.9696	100.297	99.6424	NaN	96.3325	92.138	97.7859	90.9537	91.4672
158	100.859	NaN	NaN	101.073	98.0631	98.5105	99.1646	NaN	94.9577	91.5522	96.2892	90.6702	90.9197
159	99.7745	NaN	NaN	100.393	96.4235	97.1723	98.7128	NaN	93.9858	89.0331	94.3446	89.4448	90.1373
160	99.5324	NaN	NaN	99.4678	96.4072	97.3867	98.3137	NaN	93.5681	89.2737	93.7827	89.2499	89.6389
161	99.0822	NaN	NaN	98.2461	96.541	97.2616	97.7484	NaN	93.1984	88.9999	93.7342	90.6539	89.6139
162	99.108	NaN	NaN	97.4419	96.332	96.532	97.1625	NaN	93.1414	89.3883	92.9408	92.3337	90.4139
163	99.0538	NaN	NaN	96.6836	96.0934	94.7984	96.5744	NaN	93.8067	89.4114	90.6035	91.3201	89.6247
164	97.5574	NaN	NaN	95.5761	93.8426	93.4853	95.5744	NaN	94.1941	87.429	90.1116	89.3732	88.1001
165	96.0917	NaN	NaN	95.1784	93.0835	93.6011	95.1812	NaN	93.6068	87.2638	90.5143	88.6014	87.7471
166	96.9528	NaN	NaN	95.8779	94.888	94.8048	95.2698	NaN	92.037	87.6452	91.0835	88.5364	87.9911
168	100.264	NaN	NaN	98.1979	97.9439	97.731	98.7965	NaN	96.0327	89.6246	94.0401	93.1883	91.0343
170	96.9051	NaN	NaN	93.22	92.485	94.1012	94.5221	NaN	93.364	84.7296	90.7515	88.5578	87.2477
171	96.647	NaN	NaN	92.8262	91.1121	92.8058	92.3148	NaN	90.8006	83.8813	87.763	87.8278	85.8234
172	95.1723	NaN	NaN	90.9359	90.5449	90.3401	90.1496	NaN	88.9133	83.7616	86.029	85.9481	84.7021
173	92.631	NaN	NaN	88.9077	88.9368	88.2327	88.8709	NaN	87.757	82.4677	85.3153	85.6831	83.5233
174	90.2958	NaN	NaN	88.0385	86.7532	86.3392	87.7325	NaN	85.1342	80.8993	82.7831	84.6284	82.3934
175	91.1429	NaN	NaN	89.8367	85.6108	86.1433	86.6759	NaN	82.593	81.2376	81.6576	84.7889	83.3377
177	101.441	NaN	NaN	99.123	94.328	94.3514	90.9827	NaN	90.4629	84.966	86.767	88.4095	90.2977
179	103.805	NaN	NaN	102.879	93.7934	94.0364	88.874	NaN	90.3141	81.5717	83.4291	86.5342	88.1101
180	106.308	NaN	NaN	106.14	95.2243	94.1914	90.1549	NaN	92.1112	82.0587	83.6691	84.9028	87.8573
181	108.166	NaN	NaN	108.017	97.2599	94.4451	91.0858	NaN	92.8135	83.1215	83.5935	84.8645	87.8285
182	108.867	NaN	NaN	108.201	99.1768	95.4422	93.1156	NaN	93.595	83.2262	82.8216	84.8602	87.6252
183	109.033	NaN	NaN	107.541	98.753	96.1931	94.257	NaN	93.9733	83.0219	83.0268	85.6938	86.877
184	106.781	NaN	NaN	106.04	97.6397	95.3855	92.0968	NaN	93.4833	81.7046	83.232	83.463	86.1289
185	102.26	NaN	NaN	103.596	96.2866	93.3281	91.9179	NaN	90.5852	80.6713	80.7198	81.3512	85.6757
186	100.507	NaN	NaN	102.494	95.1866	91.698	92.2256	NaN	90.3999	80.7845	79.3461	80.1709	85.1103
187	101.253	NaN	NaN	101.346	94.2331	89.1875	91.1959	NaN	88.3597	80.0389	78.3366	77.9828	82.0774
188	103.081	NaN	NaN	95.4835	92.0278	85.6452	88.2357	NaN	83.3376	75.1713	74.213	73.3701	77.9753
189	103.801	NaN	NaN	89.4116	85.5496	81.3689	84.8472	NaN	78.6405	67.2512	66.6843	66.5011	71.682
190	62.6882	NaN	NaN	NaN	57.576	NaN	59.3409	57.2883	NaN	60.4963	NaN	65.2749	66.7797
191	74.3245	NaN	NaN	NaN	70.1959	NaN	71.5719	69.2852	NaN	70.2016	NaN	75.5096	76.2335
192	81.9417	NaN	NaN	NaN	79.9685	NaN	80.2561	79.1377	NaN	78.9539	NaN	81.6997	83.8759
193	85.3452	NaN	NaN	NaN	83.8556	NaN	85.3221	84.3132	NaN	85.0141	NaN	85.8984	87.6599
194	86.1116	NaN	NaN	NaN	86.2607	NaN	84.2998	84.4226	NaN	83.4919	NaN	86.2619	87.8365
195	81.6358	NaN	NaN	NaN	79.936	NaN	78.2145	78.2493	NaN	77.3331	NaN	81.2215	83.143
196	73.1033	NaN	NaN	NaN	70.8535	NaN	70.457	68.946	NaN	68.2768	NaN	73.4434	73.7899
