NaN	1910.0000	1928.0000	1933.0000	1949.3507	1949.7425	1967.4082	1967.3096	1971.1014	1975.4219	1990.8603	1995.7041	2006.7781	2015.1589
NaN	15.3394	7.9612	11.1182	7.1764	7.1977	7.1285	7.2328	7.6737	6.9917	7.4712	7.6592	6.9306	6.9266
0	NaN	26.8612	NaN	26.2725	NaN	28.6857	NaN	28.4334	28.5451	NaN	31.9385	28.958	30.8639
1	NaN	27.7111	NaN	27.4986	NaN	29.136	NaN	30.5596	29.1997	NaN	32.8838	29.7304	31.5533
2	NaN	36.9287	NaN	36.4044	NaN	38.7399	NaN	39.5276	38.73	NaN	43.3201	39.7076	41.548
3	NaN	38.53	NaN	38.6338	NaN	39.9957	NaN	40.3019	40.2648	NaN	44.573	40.9689	43.0173
4	NaN	34.0754	NaN	36.3631	NaN	38.6965	NaN	36.4232	39.7582	NaN	44.2304	40.2609	42.103
5	NaN	42.6684	NaN	39.5127	NaN	40.7055	NaN	42.6424	40.3733	NaN	46.1195	43.5112	44.6054
6	NaN	43.4857	NaN	42.0817	NaN	43.6375	NaN	43.1353	42.03	NaN	48.8838	47.7487	46.2672
7	NaN	43.5944	NaN	42.2056	NaN	44.6035	NaN	42.7435	43.894	NaN	50.5568	49.4316	48.1326
8	NaN	41.9042	NaN	41.5537	NaN	44.5897	NaN	41.7078	46.8135	NaN	49.3672	49.1758	47.3747
9	NaN	38.6238	NaN	39.6468	NaN	43.7347	NaN	38.9757	47.1877	NaN	46.3644	45.0113	45.4905
10	NaN	32.1982	NaN	33.5765	NaN	34.9997	NaN	45.3221	36.8629	NaN	42.6808	41.3123	53.9806
11	NaN	33.6439	NaN	35.6464	NaN	38.207	NaN	40.2783	38.1471	NaN	42.2427	41.6534	53.7999
12	NaN	34.0139	NaN	35.8346	NaN	39.3677	NaN	39.1359	39.6113	NaN	43.4942	42.6166	41.3895
13	NaN	41.0294	NaN	NaN	NaN	37.1275	NaN	37.3979	41.4093	46.597	47.5138	47.5938	49.0668
14	NaN	43.8398	NaN	NaN	NaN	42.6007	NaN	41.4381	46.7007	53.749	48.8501	49.7175	54.1505
15	NaN	49.1189	NaN	NaN	NaN	51.5702	NaN	46.4624	54.5625	65.5183	52.021	53.2116	58.8967
16	NaN	54.4473	NaN	NaN	NaN	60.5617	NaN	51.8865	62.9916	70.9602	65.5599	58.5473	63.6027
17	NaN	58.345	NaN	NaN	NaN	65.0714	NaN	51.7401	65.7048	73.5711	71.9793	62.1017	64.3792
18	NaN	60.0217	NaN	NaN	NaN	72.6021	NaN	54.6776	70.9668	74.8239	75.2776	65.8451	65.5146
19	NaN	57.3837	NaN	NaN	NaN	73.2536	NaN	58.0361	72.7178	75.1701	75.166	70.2601	66.0483
20	NaN	55.5537	NaN	NaN	NaN	62.9837	NaN	54.5837	64.4563	71.946	65.1142	61.7449	55.3079
21	NaN	53.512	NaN	NaN	NaN	53.2684	NaN	51.0434	56.8693	63.1475	58.5169	58.6052	46.4115
22	NaN	50.5394	NaN	NaN	NaN	48.9599	NaN	48.9158	59.9953	58.1496	55.6079	55.535	47.9792
23	NaN	46.945	NaN	NaN	NaN	43.5664	NaN	47.7238	54.8116	53.1869	49.6794	50.3053	46.6741
24	80.9311	68.5976	54.9932	NaN	83.7703	NaN	140.853	140.566	138.7	138.734	136.586	134.509	138.606
25	85.7603	72.458	60.2054	NaN	86.7561	NaN	149.864	148.058	143.493	146.632	143.963	142.479	149.694
26	87.9691	72.5244	63.9553	NaN	88.0372	NaN	154.772	154.022	150.244	150.978	150.755	147.899	157.807
27	88.6511	71.3913	67.0676	NaN	88.4791	NaN	156.358	155.944	153.28	151.921	152.599	150	157.992
28	86.3285	69.5829	68.1264	NaN	88.6896	NaN	155.489	155.465	153.428	151.937	152.471	149.93	156.972
29	83.4705	67.3797	67.6713	NaN	88.627	NaN	152.162	154.078	152.873	150.929	151.847	149.848	155.772
30	80.3095	65.5402	68.4789	NaN	88.2918	NaN	149.31	151.597	150.243	150.201	151.04	149.908	152.242
31	81.0316	64.1988	65.5594	NaN	87.7992	NaN	149.106	150.511	150.031	150.837	151.004	151.126	149.632
32	82.3659	62.6121	66.3978	NaN	87.2701	NaN	151.016	150.469	153.588	153.193	151.474	151.877	149.875
33	83.7001	61.0079	66.614	NaN	87.0353	NaN	149.653	149.208	154.49	154.118	149.65	151.443	150.127
34	84.123	59.6963	64.9595	NaN	87.1536	NaN	142.73	147.639	146.954	150.853	146.025	150.005	144.191
35	84.5436	60.0385	65.6621	NaN	88.3695	NaN	139.988	145.333	141.116	144.583	140.177	146.666	135.194
36	84.9765	60.4377	69.7265	NaN	89.7298	NaN	143.287	144.737	144.55	145.445	142.985	146.901	135.085
37	86.6768	62.4156	75.6777	NaN	91.955	NaN	143.567	145.831	147.833	147.183	144.687	147.221	134.679
38	88.3771	64.9499	80.8554	NaN	96.4388	NaN	149.363	149.283	148.722	149.168	146.159	148.673	138.354
39	89.0886	70.6727	82.0458	NaN	101.604	NaN	156.523	154.672	154.036	151.464	151.025	151.225	144.277
40	89.3728	75.8871	84.0838	NaN	106.171	NaN	158.788	158.78	159.154	154.731	154.458	156.017	153.183
41	89.775	79.3057	82.8227	NaN	108.635	NaN	158.898	159.051	158.926	156.21	154.307	156.245	153.9
42	90.7092	81.402	80.5221	NaN	110.652	NaN	159.441	158.691	158.298	157.153	153.298	156.568	153.258
43	90.6058	82.2852	80.0436	NaN	111.864	NaN	160.642	159.01	159.599	158.687	155.53	157.646	155.412
44	88.3138	82.2404	79.298	NaN	112.328	NaN	160.87	159.698	160.844	159.192	156.661	157.626	156.741
45	87.2334	80.9119	77.4972	NaN	111.05	NaN	159.298	158.873	159.771	156.371	154.651	156.166	156.17
46	87.7342	78.9308	76.9191	NaN	109.129	NaN	154.963	156.052	156.35	152.904	151.043	154.303	152.27
47	87.1346	75.8699	74.3982	NaN	104.863	NaN	155.63	152.92	154.564	152.789	149.493	152.563	150.867
48	86.8669	72.77	71.8175	NaN	101.281	NaN	153.29	150.792	152.676	150.648	149.979	151.433	151.052
49	87.1576	70.275	70.6726	NaN	97.768	NaN	151.04	149.341	151.291	146.415	149.244	150.534	149.911
50	85.5402	68.0709	70.7859	NaN	96.6387	NaN	150.061	148.264	150.124	145.313	146.44	149.052	146.296
51	84.776	66.1187	70.33	NaN	95.58	NaN	147.921	146.599	147.048	145.156	143.319	146.767	143.285
52	86.4053	65.4575	69.8477	NaN	95.3445	NaN	147.086	146.265	147.599	147.563	144.556	145.444	142.705
53	88.8699	66.0811	72.0537	NaN	97.4353	NaN	150.22	147.733	149.652	150.117	147.627	147.534	144.058
54	91.3344	67.6125	75.2971	NaN	101.838	NaN	153.08	149.659	152.986	153.662	151.319	149.786	146.495
55	94.8925	70.7399	81.095	NaN	104.817	NaN	156.33	153.335	157.465	157.891	155.457	153.377	149.982
56	101.791	77.035	87.8261	NaN	109.549	NaN	160.243	157.949	162.256	162.173	159.167	157.693	153.774
57	112.357	86.561	93.4365	NaN	114.582	NaN	164.813	162.705	166.446	166.247	162.875	161.693	157.686
58	120.562	95.5237	98.2344	NaN	119.665	NaN	168.856	167.619	169.993	170.433	166.583	165.403	161.086
59	123.133	104.486	102.517	NaN	124.948	NaN	174.154	172.913	173.282	174.969	171.189	169.32	165.655
60	124.723	111.057	102.205	NaN	127.354	NaN	182.125	179.674	181.451	180.847	178.563	174.582	173.271
61	125.515	114.427	105.139	NaN	128.321	NaN	189.144	187.314	188.059	186.329	183.904	179.948	179.963
62	124.532	115.471	107.388	NaN	129.288	NaN	194.062	192.969	191.941	190.524	187.774	181.766	184.179
63	125.31	115.776	109.204	NaN	130.255	NaN	194.609	192.493	191.693	190.577	186.342	180.111	184.211
64	127.984	115.418	109.281	NaN	131.104	NaN	191.209	189.589	186.197	187.569	180.347	175.832	182.405
65	131.055	115.06	110.191	NaN	131.954	NaN	190.769	186.274	181.285	182.648	173.105	171.285	178.986
66	134.301	114.438	111.539	NaN	131.817	NaN	190.048	183.788	176.911	175.397	166.591	166.927	172.345
67	135.478	113.867	112.456	NaN	131.062	NaN	189.384	183.766	176.518	167.166	167.027	163.475	160.004
68	134.885	114.091	113.32	NaN	130.307	NaN	190.75	186.016	178.041	164.855	167.891	161.367	160.44
69	133.372	114.315	113.82	NaN	128.696	NaN	194.508	190.1	182.066	166.072	168.107	160.104	161.344
70	132.04	114.536	112.624	NaN	127.357	NaN	195.748	189.98	182.025	166.428	165.892	158.786	162.733
71	131.73	114.046	110.932	NaN	126.585	NaN	196.023	187.519	180.975	165.487	162.471	157.138	162.263
72	130.572	112.955	107.633	NaN	125.659	NaN	193.259	184.95	177.144	161.822	158.635	154.861	159.471
73	126.524	109.026	104.868	NaN	123.069	NaN	187.114	181.914	173.049	158.108	154.046	151.174	154.204
74	121.711	103.896	100.906	NaN	117.787	NaN	186.865	178.181	170.244	154.999	148.981	145.542	148.665
75	116.184	98.0816	96.5948	NaN	112.666	NaN	181.206	171.901	164.564	150.953	142.356	139.068	142.386
76	110.568	91.2191	89.1354	NaN	106.8	NaN	170.83	162.271	152.816	142.773	132.257	131.425	133.317
77	103.946	83.7227	80.0147	NaN	99.2908	NaN	155.916	148.734	139.104	132.397	119.075	120.077	117.894
78	93.78	76.9088	68.1697	NaN	92.3397	NaN	134.14	132.062	123.839	118.545	107.65	108.522	96.6209
79	90.7063	72.5823	63.9833	NaN	89.3971	NaN	120.385	119.084	117.198	112.845	101.637	106.555	93.4959
80	89.7292	73.378	64.2116	NaN	90.315	NaN	122.03	119.402	120.581	116.362	110.76	113.488	95.3401
81	87.8027	75.6964	66.0171	NaN	90.8819	NaN	123.338	122.697	122.701	118.531	111.583	116.984	96.1621
82	90.3024	76.1896	66.3051	NaN	90.351	NaN	124.742	124.402	125.154	120.032	112.37	120.816	96.5054
