NaN	1910.0000	1928.0000	1933.0000	1949.3507	1949.7425	1967.4082	1967.3096	1971.1014	1975.4219	1990.8603	1995.7041	2006.7781	2015.1589
NaN	NaN	3.6692	NaN	2.8245	2.8782	2.7004	2.9647	2.9945	2.3153	2.4293	3.8910	2.1235	2.1104
0	NaN	41.3719	NaN	46.5865	NaN	47.0712	NaN	45.5051	47.8602	NaN	46.5592	45.4402	44.7531
1	NaN	42.0186	NaN	47.3466	NaN	48.2675	NaN	46.736	50.0019	NaN	50.3206	45.6623	46.2177
2	NaN	60.4437	NaN	60.2496	NaN	63.891	NaN	63.9411	57.8884	NaN	59.684	57.7284	62.6092
3	NaN	58.6761	NaN	56.5606	NaN	62.0725	NaN	61.5806	59.8463	NaN	60.9009	57.3684	62.3276
4	NaN	55.9117	NaN	55.9444	NaN	63.6974	NaN	63.6611	56.4211	NaN	58.3757	55.4461	61.103
5	NaN	67.2914	NaN	71.2004	NaN	70.0104	NaN	68.6105	69.6065	NaN	64.5701	65.884	68.9333
6	NaN	68.7194	NaN	73.8526	NaN	71.9645	NaN	70.0555	72.8381	NaN	68.3282	70.7071	73.1703
7	NaN	74.5996	NaN	75.3799	NaN	74.6371	NaN	72.5181	74.8042	NaN	71.2321	74.4778	76.8474
8	NaN	72.32	NaN	75.2101	NaN	73.5989	NaN	71.4199	74.1637	NaN	73.2917	75.6692	76.5507
9	NaN	66.3004	NaN	73.96	NaN	72.4022	NaN	70.9463	72.5435	NaN	73.4266	72.4374	75.32
10	NaN	57.663	NaN	57.495	NaN	60.2597	NaN	58.912	66.1348	NaN	61.3102	59.3883	58.6924
11	NaN	53.8106	NaN	60.8347	NaN	59.4591	NaN	61.0533	63.9159	NaN	67.2641	64.7642	64.4665
12	NaN	50.074	NaN	59.4174	NaN	56.1948	NaN	57.0353	59.6523	NaN	63.242	61.5574	61.1479
13	NaN	65.2173	NaN	NaN	NaN	68.9971	NaN	71.4857	63.922	70.7245	76.9249	77.3605	75.4455
14	NaN	70.407	NaN	NaN	NaN	73.9636	NaN	74.3244	68.6477	76.1045	81.0749	83.135	79.4859
15	NaN	75.8811	NaN	NaN	NaN	80.3426	NaN	77.7134	73.9442	80.2288	84.0627	85.5908	83.1191
16	NaN	81.1525	NaN	NaN	NaN	85.0583	NaN	80.1312	78.743	84.4926	87.3445	87.0321	85.8423
17	NaN	81.8075	NaN	NaN	NaN	85.0711	NaN	81.7869	82.3435	86.6444	87.6826	87.8175	86.6507
18	NaN	80.8242	NaN	NaN	NaN	85.6231	NaN	81.3969	84.429	86.1679	88.4256	86.6091	85.9971
19	NaN	79.8757	NaN	NaN	NaN	85.039	NaN	80.5935	83.9181	85.6304	87.6823	85.7956	84.6385
20	NaN	77.8849	NaN	NaN	NaN	82.6344	NaN	78.4121	81.4819	83.6666	85.8638	83.9558	82.4985
21	NaN	75.2861	NaN	NaN	NaN	78.6448	NaN	71.1057	77.8441	79.701	82.3607	80.5016	79.3129
22	NaN	72.2047	NaN	NaN	NaN	74.0606	NaN	66.9315	73.7035	75.9934	78.091	76.3506	74.8075
23	NaN	67.4212	NaN	NaN	NaN	68.7838	NaN	65.0208	68.6458	70.8314	72.4109	71.8341	70.8167
24	NaN	113.063	NaN	NaN	131.398	NaN	153.596	154.652	155.239	150.196	150.415	150.334	147.786
25	NaN	116.753	NaN	NaN	134.527	NaN	164.329	165.134	160.158	161.454	160.974	162.529	160.122
26	NaN	119.422	NaN	NaN	137.366	NaN	171.986	173.601	167.308	170.047	169.566	170.452	168.194
27	NaN	119.286	NaN	NaN	140.204	NaN	175.895	177.135	170.805	172.955	172.693	173.253	171.898
28	NaN	117.223	NaN	NaN	143.22	NaN	175.854	177.857	170.792	173.393	172.433	173.211	172.376
29	NaN	115.567	NaN	NaN	145.716	NaN	173.007	176.649	169.189	172.39	170.941	172.299	171.253
30	NaN	112.791	NaN	NaN	147.821	NaN	168.506	173.29	170.282	170.656	170.114	172.373	171.997
31	NaN	110.087	NaN	NaN	149.927	NaN	167.762	173.555	171.152	170.811	170.292	171.46	170.846
32	NaN	107.378	NaN	NaN	152.032	NaN	169.327	174.554	170.569	172.714	172.816	172.516	170.964
33	NaN	104.496	NaN	NaN	155.184	NaN	168.62	174.814	168.14	174.979	172.97	174.113	173.448
34	NaN	104.835	NaN	NaN	159.744	NaN	169.429	173.958	167.983	171.652	169.431	170.669	169.867
35	NaN	104.9	NaN	NaN	164.304	NaN	172.787	175.244	166.76	167.735	166.104	167.811	165.865
36	NaN	105.094	NaN	NaN	168.865	NaN	174.467	175.961	172.557	166.967	165.531	165.45	164.093
37	NaN	107.579	NaN	NaN	173.425	NaN	173.394	176.365	172.996	169.048	167.414	167.418	163.69
38	NaN	112.165	NaN	NaN	177.872	NaN	175.484	179.104	175.564	174.375	172.218	169.964	164.879
39	NaN	117.11	NaN	NaN	182.105	NaN	178.833	182.49	179.812	178.055	175.687	169.171	166.313
40	NaN	119.385	NaN	NaN	182.456	NaN	179.491	185.792	183.9	182.343	180.438	176.606	169.151
41	NaN	120.655	NaN	NaN	179.652	NaN	178.461	184.272	182.104	181.457	179.488	178.946	173.379
42	NaN	121.574	NaN	NaN	179.027	NaN	176.983	182.884	180.465	180.194	178.605	178.404	177.323
43	NaN	121.9	NaN	NaN	183.629	NaN	177.923	180.763	181.766	179.894	177.613	177.087	174.939
44	NaN	121.016	NaN	NaN	187.132	NaN	178.331	178.529	178.205	178.257	177.343	175.502	173.612
45	NaN	118.65	NaN	NaN	186.972	NaN	177.925	176.794	173.529	172.616	172.559	173.554	172.878
46	NaN	113.973	NaN	NaN	186.738	NaN	174.606	174.676	171.8	175.521	174.074	174.535	173.652
47	NaN	109.803	NaN	NaN	186.504	NaN	173.045	171.592	170.598	177.938	174.754	176.103	174.807
48	NaN	106.953	NaN	NaN	186.237	NaN	172.356	168.961	167.575	177.048	169.453	174.557	172.336
49	NaN	104.095	NaN	NaN	185.951	NaN	169.127	165.797	165.098	166.808	163.19	172.514	172.56
50	NaN	101.72	NaN	NaN	185.453	NaN	166.444	163.106	160.904	163.162	160.07	168.145	167.627
51	NaN	100.03	NaN	NaN	184.886	NaN	162.505	160.476	159.166	161.035	158.588	164.831	163.691
52	NaN	101.015	NaN	NaN	184.319	NaN	160.972	160.211	158.686	161.903	159.06	161.935	160.327
53	NaN	102.867	NaN	NaN	183.792	NaN	163.991	163.775	161.316	164.813	160.66	162.413	160.635
54	NaN	106.322	NaN	NaN	183.718	NaN	166.944	165.33	165.867	166.371	162.941	165.928	164.377
55	NaN	110.732	NaN	NaN	186.681	NaN	170.428	168.686	170.2	169.535	167.408	168.955	167.731
56	NaN	115.929	NaN	NaN	191.991	NaN	173.313	172.776	173.781	173.727	172.563	173.446	171.784
57	NaN	121.496	NaN	NaN	195.49	NaN	177.876	184.109	179.461	180.207	178.506	179.654	178.249
58	NaN	127.253	NaN	NaN	198.139	NaN	182.438	188.705	183.701	185.603	184.054	186.739	185.148
59	NaN	132.925	NaN	NaN	198.901	NaN	187.025	193.3	187.942	190.01	188.495	193.375	191.955
60	NaN	137.165	NaN	NaN	204.301	NaN	194.994	197.896	195.222	196.684	194.367	200.011	197.725
61	NaN	139.505	NaN	NaN	205.589	NaN	202.962	202.491	202.438	201.26	200.392	201.347	198.62
62	NaN	141.35	NaN	NaN	209.582	NaN	211.033	206.66	205.18	205.473	207.734	205.461	202.688
63	NaN	143.101	NaN	NaN	213.653	NaN	213.84	211.815	204.868	209.289	209.313	209.066	205.958
64	NaN	143.127	NaN	NaN	217.151	NaN	209.455	206.21	200.667	211.781	210.536	210.589	208.201
65	NaN	143.643	NaN	NaN	218.147	NaN	202.712	201.615	196.075	214.657	211.025	210.75	210.446
66	NaN	143.354	NaN	NaN	218.707	NaN	204.02	200.836	194.799	208.431	205.426	206.158	205.706
67	NaN	142.797	NaN	NaN	219.267	NaN	207.914	203.538	196.366	211.435	205.296	204.337	200.513
68	NaN	143.452	NaN	NaN	219.851	NaN	217.702	211.029	198.862	217.161	212.001	211.402	209.157
69	NaN	144.642	NaN	NaN	220.579	NaN	218.78	218.286	202.982	222.9	218.617	218.569	213.97
70	NaN	146.329	NaN	NaN	221.624	NaN	221.011	220.911	206.758	221.576	221.693	219.404	214.645
71	NaN	146.785	NaN	NaN	222.075	NaN	221.129	221.53	207.213	221.876	221.92	224.108	220.309
72	NaN	145.074	NaN	NaN	221.949	NaN	217.393	220.079	201.641	220.238	219.972	222.565	225.175
73	NaN	142.35	NaN	NaN	221.759	NaN	214.916	216.539	196.181	216.218	215.886	213.502	210.915
74	NaN	140.247	NaN	NaN	221.569	NaN	213.007	210.367	198.928	211.2	208.685	207.015	202.4
75	NaN	138.748	NaN	NaN	221.607	NaN	210.509	204.462	195.477	204.78	199.833	200.215	191.982
76	NaN	131.843	NaN	NaN	222.683	NaN	201.044	193.279	183.171	188.114	188.627	184.803	178.779
77	NaN	121.048	NaN	NaN	225.123	NaN	185.79	178.225	165.197	169.028	173.909	174.027	167.234
78	NaN	108.603	NaN	NaN	226.581	NaN	149.146	160.934	149.601	151.757	153.426	158.58	146.086
79	NaN	98.8906	NaN	NaN	228.611	NaN	135.42	147.37	132.699	143.704	142.372	143.578	130.295
80	NaN	97.4273	NaN	NaN	230.887	NaN	135.841	137.031	131.638	138.96	137.564	139.011	135.938
81	NaN	98.49	NaN	NaN	233.26	NaN	136.66	135.238	134.023	142.557	143.033	146.251	136.109
82	NaN	100.665	NaN	NaN	230.125	NaN	136.835	135.413	134.914	145.571	143.554	145.503	132.999
