NaN	1949.8274	1951.6411	1963.8877	1967.3096	1975.2822	1988.0902	1996.6421	2005.9973	2015.2740	2021.2986
NaN	7.0717	6.8979	7.3068	6.8468	7.0605	8.6869	6.7263	7.0892	6.7326	6.6792
0	44.269	44.6414	38.862	38.284	38.4705	39.8305	42.0495	44.1608	44.8699	42.5952
1	47.873	46.5518	42.0233	40.3677	41.3907	42.8661	44.1048	46.9681	45.5791	44.9279
2	50.3086	48.6512	44.926	41.8335	44.5308	45.065	46.5618	50.0656	46.5494	48.0079
3	51.9468	53.878	47.4197	43.142	47.5602	47.4715	49.7081	52.2834	48.5539	52.2382
4	52.75	55.1101	50.338	44.0852	50.4859	50.6317	51.3991	53.9791	51.1022	53.6024
5	50.5602	51.9622	50.2796	43.9553	51.7412	51.4155	51.7149	51.8281	51.9381	51.1822
6	44.9024	45.0303	44.5535	42.4673	43.852	45.9921	46.1806	45.8306	47.156	46.1489
7	35.9794	37.7255	37.7051	37.3465	36.722	46.5607	48.4377	45.2503	46.9112	47.8558
8	39.6382	39.8745	42.956	42.8994	42.8094	45.1349	42.9421	45.2345	42.2926	43.5173
9	34.7409	36.201	39.8819	38.9252	38.2602	46.3525	46.6024	48.4071	48.4877	55.5281
10	36.3754	38.0573	41.0126	40.9414	40.5277	48.3564	48.7743	50.0607	51.0038	53.8870
11	34.2088	36.5406	39.7985	38.8846	39.0549	44.9335	46.3656	47.9112	50.2097	49.5311
12	33.3477	35.8094	39.5589	36.5166	37.9645	44.1699	46.5254	47.0294	48.6229	47.3473
13	33.543	36.2372	39.5779	36.9071	37.4547	47.186	43.9136	43.5272	48.5658	47.9868
14	34.3149	36.8205	39.7549	37.8425	37.9356	44.2598	42.9382	41.729	47.213	46.1317
15	35.4785	36.2565	40.3053	39.171	37.9918	42.8245	43.9984	40.4584	44.3585	43.6889
16	35.5074	35.3689	40.5664	39.0556	37.5668	42.2015	43.0634	39.5	40.9392	40.4247
17	34.4245	35.6105	41.4192	39.0467	36.3355	42.6202	44.6561	40.0395	42.4037	42.4774
18	32.8937	36.3844	43.065	39.7324	34.8966	40.7973	42.166	39.0415	41.5035	39.7560
19	43.4793	41.8777	46.1078	44.311	40.7299	42.8239	42.5545	44.4198	41.6483	44.8026
20	43.9469	42.6693	45.4149	42.7717	40.3969	42.174	42.185	43.703	42.4981	43.8737
21	44.8104	45.2849	45.1447	42.5389	40.9144	41.9078	42.3476	43.2737	42.9446	43.8860
22	47.139	48.8899	46.4409	44.8843	42.3596	42.2367	43.0131	42.7176	42.63	42.3443
23	52.1212	51.675	51.6563	48.263	44.3078	42.4844	44.0262	42.4539	42.6131	44.1125
24	42.0875	46.0708	49.4236	47.4539	39.3024	47.4582	43.6705	46.5478	44.5731	45.3571
25	45.1683	49.666	48.1037	45.1698	40.8136	45.5821	44.932	45.6935	44.5562	44.1987
26	48.2329	52.7701	47.4249	42.8856	41.0468	43.6236	46.6545	44.5982	44.8314	44.5756
27	49.1609	52.1832	47.4171	42.2684	42.1407	41.6968	47.8549	42.9077	44.8954	43.5516
28	48.7335	51.8952	48.8356	42.2129	43.0447	40.4673	49.0766	41.5866	45.0556	42.5914
29	46.2714	50.0559	49.3456	41.3942	42.5667	39.3249	52.213	42.9117	50.1386	43.9265
30	44.5545	50.9482	51.9453	53.5441	45.3146	45.2166	51.8431	47.5067	53.5371	48.6194
31	44.2134	48.4832	48.7928	51.3421	41.6571	44.2226	49.3802	45.7483	50.13	43.7505
32	45.1054	48.7037	49.6679	50.841	43.656	45.8311	48.6843	46.1951	49.2409	44.7620
33	46.1447	49.2166	51.318	52.276	45.0984	46.58	50.0612	48.0319	48.5895	48.6029
34	40.2975	45.0227	45.5837	44.7973	38.4434	39.7385	42.2439	43.7668	38.9533	38.3777
35	44.9655	49.1575	44.6823	44.8198	38.3591	38.448	41.7035	42.633	38.3618	36.7820
36	42.5416	41.367	45.3531	40.7652	32.3374	36.84	35.3483	38.7346	33.6042	34.8045
37	44.4986	42.711	48.8436	46.4562	36.9462	35.9015	38.6459	38.219	36.1051	37.7206
38	44.6437	41.4518	47.3886	45.0701	40.1912	39.3267	42.5624	40.9092	39.5409	41.5786
39	43.5027	40.3263	45.7277	42.2761	40.3312	40.5845	44.2866	42.1346	41.5405	41.5296
40	41.2428	39.0943	43.8399	39.8075	39.7663	39.1986	44.7621	43.4495	43.5828	47.3499
41	40.4054	39.5538	43.0956	42.6524	40.4715	42.4688	43.041	42.049	42.9384	43.2666
42	47.4982	47.0827	50.114	49.7788	49.5798	NaN	50.2633	49.6777	49.5102	50.1043
43	53.2966	53.5422	53.8328	53.5439	54.4302	NaN	55.6098	53.6688	53.8868	55.0712
44	54.9447	55.7809	54.3919	55.7417	55.0641	NaN	56.8974	55.0398	56.2189	57.1844
45	54.0338	53.8541	53.3159	55.9535	54.6411	NaN	55.6289	55.8177	56.3808	57.0892
46	53.5904	51.9218	52.4364	55.6475	53.7624	NaN	53.9284	56.1132	54.4103	56.1571
47	52.7942	51.5561	52.3028	55.1757	52.7379	NaN	52.0677	53.9764	52.5345	54.3609
48	53.6487	52.4531	52.6686	54.7039	51.7134	NaN	51.8327	52.8492	51.751	55.2877
49	54.2976	55.1631	53.2847	53.8422	50.6889	NaN	53.6549	55.0249	52.0289	56.7260
50	54.6407	55.5372	52.5192	51.6425	49.5719	NaN	54.3246	54.4512	52.9014	55.7471
51	62.185	61.2669	NaN	54.1698	55.6571	NaN	59.8725	58.9831	57.3576	60.4480
52	70.1205	68.3379	NaN	61.1222	63.7819	NaN	66.7781	64.2903	66.0382	66.7729
53	72.6039	71.0814	NaN	63.8095	66.5755	NaN	70.3164	65.9472	67.582	69.4168
54	72.351	71.1122	NaN	63.313	66.7473	NaN	70.9804	67.7092	67.3552	69.3500
55	69.6894	68.6605	NaN	60.6511	63.5754	NaN	67.8904	67.4781	65.0327	66.9854
56	66.0827	64.4231	NaN	57.2314	55.0436	NaN	62.9362	62.5776	59.7946	61.8749
57	48.4646	48.9188	NaN	49.7314	49.5898	NaN	52.2741	52.3246	52.4403	52.9786
58	48.3127	50.3016	NaN	48.6906	48.3619	NaN	52.5676	49.1987	51.9359	50.7374
59	54.2704	56.1747	NaN	53.2595	54.0874	NaN	NaN	55.7699	54.133	55.2126
60	54.2608	55.5416	NaN	51.6625	52.4337	NaN	NaN	53.7389	50.7555	54.4256
61	62.281	64.823	NaN	63.7868	60.7576	NaN	NaN	62.7234	59.3418	61.8012
62	64.2614	62.3504	NaN	63.5554	59.6193	NaN	NaN	61.1846	57.8368	61.6248
