NaN	1949.8274	1951.6411	1963.8877	1967.3096	1975.2822	1988.0902	1996.6421	2005.9973	2015.2740	2021.2986
NaN	3.0227	2.5902	2.8849	2.4509	2.1870	2.2515	2.1577	3.1096	2.1409	2.0059
0	56.9627	54.8974	55.0642	54.3498	56.439	54.7179	54.4183	55.5733	55.2374	56.7972
1	57.4189	58.4742	52.6994	54.9981	58.4934	56.8213	55.005	58.2583	57.9259	58.2278
2	60.2272	59.9104	54.4127	55.3299	60.5089	59.8789	56.472	61.3318	61.2959	62.2596
3	61.4198	61.2017	56.7484	59.0003	62.5244	58.8425	63.3105	63.766	64.3186	64.8854
4	64.5443	64.844	61.0785	63.8494	64.5399	60.2042	64.3486	66.9416	66.9171	67.3947
5	62.6444	62.49	59.1048	61.7097	61.3416	57.1495	59.4659	59.3909	58.7969	59.5587
6	52.9125	52.9372	52.0936	55.4265	55.999	53.6451	55.3473	55.5015	54.1875	56.7272
7	51.7103	50.6042	49.4008	54.012	52.6618	53.8448	53.8466	53.7445	52.4134	54.0650
8	46.4192	47.8205	47.5046	50.4756	53.4745	52.7045	53.0979	54.5395	53.1529	54.4049
9	48.1749	46.6606	52.6351	56.0083	51.7708	52.5572	55.9121	56.0749	57.5135	55.5281
10	49.204	47.2286	53.8466	56.9904	54.8496	58.0267	56.7733	57.2674	57.7637	58.7074
11	47.0606	45.4846	51.9325	54.5344	55.8896	53.0837	53.3422	53.7445	54.7671	55.8364
12	45.0238	43.8219	50.6717	50.5722	50.2535	48.4419	51.5238	53.4608	53.4608	53.3953
13	44.2867	43.4756	49.7079	50.7424	53.9736	51.689	54.0237	52.4732	52.555	55.4149
14	44.4323	44.0334	48.9512	51.3182	51.2487	54.6292	54.6194	54.1593	54.1593	54.4491
15	44.792	44.5912	49.0533	52.4134	52.5909	53.5172	53.1187	53.3742	53.3742	57.1599
16	45.5327	46.1287	50.2466	52.4956	52.2695	52.4029	52.1325	51.661	51.661	51.0227
17	44.4041	43.6738	47.5647	51.2516	50.3712	51.222	51.0276	49.8837	49.8837	50.5000
18	43.5328	42.9971	43.4264	49.1645	49.2052	49.3373	49.3346	48.1725	48.1725	47.7322
19	56.3826	56.6727	56.2335	59.5477	59.4356	60.0226	58.8746	59.3235	57.2125	60.6963
20	54.9593	54.4562	54.6011	58.9656	59.0461	59.8551	58.4502	58.2376	56.0661	59.8483
21	55.4987	54.7918	55.3593	55.5289	56.0349	56.0372	54.2746	57.0152	57.0152	58.5982
22	57.6886	57.7453	56.9011	56.2664	59.1446	55.137	52.9528	57.9399	57.9399	59.5723
23	58.5937	58.6086	57.1459	58.4468	58.2813	57.7014	58.4201	58.2654	58.7309	58.0918
24	56.416	57.3029	55.4065	53.8679	54.9784	58.4198	56.4443	57.8553	58.6859	57.8889
25	57.1765	57.2169	55.4843	55.6249	55.6249	57.3497	57.6772	57.7584	58.4266	57.4115
26	56.3351	56.3938	56.278	56.461	56.461	56.4511	56.6755	56.3242	56.8942	56.6654
27	56.0824	56.3226	56.491	56.0603	56.0603	56.1078	56.2433	56.2512	57.0192	54.2512
28	56.9075	56.4512	56.704	56.4259	56.4259	56.4716	56.4593	56.782	57.9312	57.9196
29	54.6152	54.467	54.6777	53.9617	54.9225	54.9097	54.8177	54.7932	54.8665	54.3049
30	52.8639	52.8786	52.1804	53.5963	53.5963	53.5258	53.6031	53.311	53.311	51.4899
31	55.0342	54.9714	53.1548	55.5943	55.5943	55.3922	55.5986	55.2301	55.2301	54.2235
32	57.3946	57.2769	55.3016	57.5103	57.5103	57.1914	57.6169	57.1493	57.1493	55.9235
33	59.2503	58.6656	57.3708	60.9023	59.5521	58.0587	59.595	58.3897	58.6166	57.3022
34	55.3868	56.3615	56.9834	55.6931	52.8874	53.7989	54.2677	52.2352	53.0523	53.5144
35	53.9813	56.1823	52.0785	52.1191	52.3955	52.3901	50.9672	51.2606	51.2606	51.7223
36	58.3107	58.4821	50.6006	54.5188	53.9052	54.2349	54.1631	50.5793	49.476	49.4868
37	58.95	58.9677	58.0299	58.6544	47.9948	52.8158	53.0907	52.0101	51.6845	52.9864
38	58.0849	59.2488	57.1612	58.7295	53.2035	54.5415	55.7845	53.4122	54.6161	55.5866
39	55.5063	57.2835	52.3214	55.4528	53.7999	52.1497	54.2796	51.0933	53.1092	54.9519
40	52.2794	52.7038	50.6128	52.3067	52.1756	50.9257	51.6141	50.7971	49.9943	50.9340
41	48.8017	50.9305	52.1221	54.6329	53.8111	56.7848	55.4887	55.3682	55.0952	54.5148
42	57.1107	59.0853	59.1266	61.8171	61.2633	NaN	62.2603	63.1478	62.7688	63.6227
43	64.2727	64.2769	63.7469	66.6303	66.0092	NaN	66.9025	68.5263	67.6486	69.5459
44	69.3747	69.3411	65.8232	68.6435	68.249	NaN	69.3495	70.2025	71.0698	71.9668
45	71.4476	70.782	65.9059	68.9128	68.4591	NaN	69.16	70.1961	69.9204	72.1648
46	69.3484	70.2682	66.5723	68.8121	68.3647	NaN	68.2886	70.7431	70.564	73.5745
47	69.3107	69.303	65.2415	68.1095	68.1095	NaN	69.0651	69.9678	69.9678	71.4029
48	69.1387	69.1517	66.0615	67.6649	67.4665	NaN	68.2899	69.5053	68.8087	70.6653
49	68.8449	68.8777	65.3913	68.069	66.7308	NaN	67.7514	68.7131	68.7131	71.7981
50	67.1635	67.2581	64.4325	66.0216	65.5723	NaN	65.9625	68.1547	67.1913	72.3821
51	72.1971	72.3912	NaN	70.2363	71.0825	NaN	69.7966	72.9334	71.5859	73.7855
52	78.7394	78.9537	NaN	77.3114	78.1416	NaN	77.3987	79.2399	77.8764	81.0144
53	83.424	82.092	NaN	82.3096	82.3276	NaN	82.1602	84.6463	82.2253	84.4087
54	86.0925	86.6243	NaN	86.3263	84.9202	NaN	83.9124	87.7574	87.2779	88.2877
55	82.3507	85.0591	NaN	82.6462	85.7853	NaN	86.6721	89.3173	84.8726	87.8664
56	82.3352	82.0027	NaN	81.4007	82.8245	NaN	85.6012	85.025	83.2774	86.6404
57	61.819	60.9418	NaN	60.051	61.9683	NaN	65.4727	68.5575	68.0121	69.9026
58	63.2169	61.3392	NaN	61.8006	62.8478	NaN	66.1712	65.9283	65.2141	66.7506
59	59.549	60.7866	NaN	64.4869	66.0661	NaN	NaN	70.3759	69.7913	70.3550
60	63.7085	63.4025	NaN	66.7999	68.192	NaN	NaN	70.446	68.5924	69.2367
61	87.3241	86.5777	NaN	84.6743	85.2232	NaN	NaN	84.942	83.6715	86.1413
62	87.3096	85.5027	NaN	83.5127	82.8459	NaN	NaN	83.7062	82.5699	83.3700
