NaN	1928	1949.8932	1963.8877	1967.3507	1971.1014	1975.2822	1978.7096	1982.9288	1988.0874	1996.6421	2005.9973	2015.158904
NaN	10.7823	7.5593	7.7942	7.5324	7.7012	7.7669	9.2173	7.6252	9.1752	7.3545	7.4091	7.3446
0	50.7172	48.006	45.8455	NaN	35.365	29.1903	40.2475	47.0285	50.6385	38.148	33.7854	26.011
1	57.195	56.5099	49.3791	NaN	41.139	35.3954	45.6143	52.5043	54.0237	43.9354	36.9621	27.3155
2	60.2306	59.2288	49.2232	51.9588	42.9567	38.5616	47.3954	54.5938	54.9747	43.8137	36.4216	26.929
3	60.7427	58.6903	48.5128	51.6762	41.9308	38.9768	46.316	54.4698	55.1379	43.036	34.561	24.9619
4	60.2699	57.6183	46.9697	50.9679	40.5734	38.4293	44.1529	52.9301	53.8902	42.0333	32.2114	22.4036
6	60.9231	61.001	49.321	54.6325	42.3371	42.5279	46.1311	54.729	55.7142	45.7225	34.7252	23.4843
7	62.1965	63.339	51.4067	57.3314	43.8456	45.0983	47.5996	57.4562	58.6076	48.0552	37.2312	24.6055
8	64.3024	65.8537	53.3128	59.9066	44.5006	45.0148	49.0295	58.6505	60.0064	48.6293	38.6283	25.7268
9	64.8897	67.0901	54.6861	60.3739	44.2925	44.4827	49.4869	59.4845	61.1509	47.8945	39.698	26.5153
10	66.9736	66.8484	55.3561	60.0362	44.0814	43.9507	49.9442	59.3708	60.1022	47.1597	39.7155	26.8813
11	69.089	64.9385	56.0172	58.9916	43.8404	43.7193	50.2623	59.2724	59.0536	46.4249	39.2294	26.9219
12	70.4151	63.8966	56.4033	57.9471	43.5994	44.1007	50.5051	58.7716	58.1694	45.6817	38.5135	27.1252
13	71.067	64.4787	55.4287	56.9026	43.8024	44.4822	50.771	58.4124	57.2979	44.9196	37.9142	27.3096
14	72.3732	65.5389	55.5779	57.2976	44.4724	45.0452	51.0985	59.868	56.694	45.2628	37.608	27.7075
15	72.1272	66.0147	57.895	57.8671	46.1336	45.6366	51.426	62.2328	56.2564	46.0204	37.8967	28.6983
16	70.4493	66.3794	60.2386	59.0196	47.9205	46.3178	51.4156	63.0134	56.5539	46.7781	38.1853	28.9411
17	70.1318	67.1799	61.3739	60.3159	49.6545	47.1477	51.385	63.387	57.2199	47.5358	38.4739	29.4392
18	70.736	67.7822	61.9969	61.4637	51.3787	47.9777	51.2472	62.3695	57.499	47.6701	38.6379	30.2181
19	70.8681	68.3845	62.248	62.5733	52.1238	48.7132	50.8598	62.126	57.5949	47.2763	38.6585	30.5675
20	69.4466	68.5499	61.1612	63.6717	51.9022	48.9276	50.4724	61.6319	57.3495	47.0044	38.7362	30.2511
22	69.2078	67.4578	58.6433	64.4975	50.893	48.4398	49.2854	58.7445	55.0502	46.6533	37.2409	29.0161
24	71.9954	69.5872	59.5465	69.145	53.6912	50.7459	50.0345	60.0928	56.8368	48.3139	38.4697	30.1928
25	74.9003	69.4063	61.4966	70.1312	55.5133	51.6409	51.1304	61.001	58.6374	49.6007	39.3234	31.0423
26	77.1963	67.9184	62.9512	69.7561	56.764	51.4716	52.2264	61.5203	58.7326	50.9361	39.3965	30.6221
27	79.3148	67.8927	63.8849	69.3811	57.3328	50.7835	53.2026	61.4439	58.5031	51.1714	39.0625	30.808
28	80.5208	68.2763	64.8816	69.0061	57.9965	50.4651	54.0495	61.732	58.3538	50.1524	39.2266	30.4826
29	80.7134	68.4321	65.0248	68.0746	58.9245	50.5565	54.8964	61.0759	58.6705	49.0822	38.5927	30.1754
30	80.7662	68.5878	64.5886	67.6214	59.8175	50.5462	54.974	60.1084	58.9872	48.2234	38.5253	30.0484
31	79.0671	68.2295	63.9643	67.8187	60.6519	50.5286	54.9296	60.2132	60.3094	49.7751	39.1472	30.9818
32	78.5838	67.8378	63.2533	68.4665	61.4862	50.5109	54.9055	60.3917	61.8752	51.461	40.6219	31.7451
33	78.9484	67.446	62.4296	69.1143	61.1713	49.8083	54.9308	60.4513	63.0934	53.1469	42.4676	32.6038
34	79.3057	67.3571	61.462	69.1231	60.737	49.0562	54.9217	60.3652	63.954	54.8328	44.3132	33.6657
35	79.0463	67.5681	60.278	68.0228	60.3027	49.3905	54.3628	60.2792	63.9211	56.193	44.7843	33.408
36	78.91	67.7791	58.9423	65.6937	59.2413	49.8757	53.8604	60.1932	62.6281	57.0858	43.8998	32.5631
37	78.292	67.9901	57.2527	63.0251	57.8278	49.2676	53.7626	60.1072	61.3588	56.9117	42.5464	31.1236
38	77.218	68.022	55.5093	60.2679	55.3156	47.6742	53.6649	60.0212	60.2868	55.824	41.1518	28.5342
39	76.2808	66.9263	53.766	56.6842	52.684	45.24	52.4422	59.5162	59.2148	53.9425	38.7325	26.7071
40	75.9485	65.8307	51.9729	53.2405	50.457	41.7055	51.1458	58.747	57.6762	51.4402	36.1575	24.5966
41	75.6086	64.1446	49.9747	49.9322	48.23	37.5803	49.867	57.4972	55.1711	50.2269	32.7428	23.1675
42	74.7547	62.0849	49.4773	47.8184	46.003	36.2762	48.6039	55.951	52.7452	49.9879	30.6743	22.5317
43	74.0533	59.8115	49.9455	46.7763	44.3642	39.7568	47.3408	55.4913	50.7589	50.503	30.4845	23.078
44	73.3427	58.4098	52.0574	46.7463	43.9515	42.6385	48.0603	55.8411	48.7727	51.6633	30.5929	24.2609
45	73.9398	57.3659	54.0968	47.412	43.9112	44.3445	49.1646	56.2484	46.8196	52.3418	30.8062	24.7296
46	75.0403	57.6213	56.1352	48.4222	43.8709	45.7718	50.0943	56.5227	47.006	53.2288	30.5763	25.283
47	76.0918	57.9461	58.1736	49.8965	43.8306	47.199	50.6388	56.7969	47.1923	54.0387	30.1331	25.5468
48	77.9051	58.3064	59.8327	51.3792	43.7903	47.6143	51.1863	57.3605	47.3787	54.8486	29.6898	25.6058
49	79.6583	59.8135	61.4599	53.01	44.8225	48.1657	52.0038	57.8627	47.5651	55.6585	29.2466	25.7676
50	80.5474	61.3205	63.0555	54.8855	46.3028	50.0422	52.8213	58.071	48.246	56.4684	29.8855	26.0705
51	81.6992	62.8276	64.6511	57.6002	48.3742	53.6911	53.5702	58.0845	49.8166	57.1314	31.0605	26.0431
52	81.9732	63.8973	65.9299	59.9524	50.4455	56.8012	53.5783	57.9564	51.3872	57.3876	31.9248	26.5402
53	82.539	64.9535	66.7534	60.4325	52.4894	57.103	53.5863	57.9744	52.9578	57.4806	33.511	27.0991
54	82.9707	65.8612	67.7692	60.5187	53.7163	56.9891	54.794	58.4318	54.5276	57.2345	35.5586	27.979
55	84.7005	66.2783	68.4063	60.407	54.4681	57.8551	57.2573	59.2024	56.0968	57.0186	38.4622	29.4913
56	86.3995	66.6955	69.6565	59.7751	54.4225	59.1031	58.787	59.6009	57.6661	56.8979	39.768	29.9391
57	87.5027	66.7531	70.8567	59.2817	54.3769	59.3354	59.744	59.5404	58.8386	55.7215	40.6085	30.5391
58	87.6953	66.7379	71.2296	58.7554	54.3313	58.9699	60.701	58.7923	58.3707	52.814	40.8048	28.8844
59	90.0487	66.7228	70.5431	58.0201	54.7359	58.468	58.1967	57.5217	56.3904	49.9066	40.4712	27.4264
60	92.1601	66.7077	69.0568	56.563	55.786	57.2516	55.1505	55.8031	54.7033	47.5754	38.2006	26.0629
61	93.5608	66.6925	67.8365	55.1059	57.3093	56.0079	54.1859	53.07	53.0639	48.1818	36.6233	25.3846
62	94.2042	67.0828	66.4413	55.7843	58.8193	54.7641	53.4858	51.4467	52.8921	48.9714	37.7439	25.6718
63	94.602	66.9327	65.1368	59.1265	59.9512	53.5203	52.7473	50.9344	52.4393	49.7321	36.9109	25.8697
65	100.431	72.09	69.5628	64.1367	65.9171	58.0336	57.5817	56.012	57.4005	55.4308	41.604	30.3518
66	102.322	74.6706	71.1392	64.568	68.8369	59.8848	59.6457	57.1592	57.8335	57.7584	43.5439	31.5152
67	104.182	77.2512	72.8251	63.6833	70.6643	61.7359	61.7098	58.5072	57.7847	59.0479	45.4839	32.2219
68	104.742	79.5056	73.2179	63.0936	71.639	63.587	63.7738	60.0207	57.3879	59.5638	45.862	32.4735
69	105.544	80.7582	73.1218	62.8906	72.4523	65.4382	65.8379	61.5019	56.9911	59.6056	45.1608	32.9032
70	105.884	82.0108	73.2332	62.2682	72.7813	66.0298	65.933	62.5149	56.5943	59.6474	43.7476	33.4333
71	106.826	83.8458	73.3894	62.3042	73.1102	65.8554	64.807	63.0366	56.1975	59.431	43.02	33.5099
72	107.711	85.7307	73.3752	62.3402	73.4391	64.7303	63.6809	63.3079	56.2926	59.2041	44.09	35.248
73	108.424	87.6156	74.1258	63.4098	73.7557	62.4686	62.5549	64.1734	56.6325	58.9773	45.4329	37.0445
74	108.633	88.3448	76.1407	65.5392	74.0329	62.701	61.5934	65.0389	56.9723	58.7504	46.7543	38.9162
75	108.387	88.8738	78.061	68.1454	74.31	65.486	62.9585	65.6842	57.3122	58.6552	47.8014	40.6045
76	108.486	88.5955	78.6396	70.5708	74.5872	66.9247	64.3237	66.2037	57.652	59.679	49.1934	41.2981
77	108.92	88.3173	78.6919	71.5784	74.8643	68.105	65.6888	66.7232	57.9919	60.7028	49.0525	41.7797
78	108.345	87.7185	78.7069	71.0748	74.4396	68.8784	66.5926	66.5504	57.557	61.7072	48.8549	43.0613
79	107.903	86.9723	79.02	69.9385	73.4289	72.8744	66.9387	65.7421	56.8453	62.7082	48.2558	42.9367
80	106.921	85.9636	79.6924	68.8021	72.4181	67.3471	67.2848	64.7801	56.1336	62.2347	47.8338	42.4179
81	106.071	84.9529	79.0277	67.5137	71.4074	66.752	67.6206	63.661	55.4939	61.6939	47.5949	41.5176
82	105.197	84.7083	78.2329	66.5699	70.1329	66.0919	67.9549	62.3656	55.021	62.0611	47.3767	40.6982
83	103.85	84.5396	77.2222	66.5068	68.5602	65.9268	67.8877	61.2992	54.5481	62.4284	47.3987	41.4901
84	103.715	84.1183	77.3672	66.1625	66.9874	72.8836	67.2001	60.2764	54.2302	62.7957	49.5878	42.2424
85	103.452	83.6971	76.506	65.8182	65.4146	71.2194	66.5125	59.2887	55.0128	62.7	51.4106	41.3133
86	103.094	83.2758	75.3094	65.474	63.8022	71.0776	65.5587	58.2698	55.7953	62.3042	52.2962	39.8696
87	101.972	82.8546	74.2987	65.1297	61.7744	70.8417	64.2676	57.1856	56.0307	62.0024	51.9004	37.534
88	100.803	82.3722	73.5106	64.1875	59.7465	64.9977	62.9765	56.1014	54.6413	61.5101	50.8577	35.0767
89	100.039	81.4878	71.6391	62.1607	57.7187	66.3016	61.6854	55.0375	53.2519	59.9728	48.9889	32.899
92	103.737	86.3467	74.8935	66.1243	61.4781	69.7762	65.7257	59.7298	57.8342	62.8077	52.729	36.794
93	104.539	88.5991	74.0619	67.8302	62.3613	69.1105	66.455	62.5038	60.058	61.5553	53.6086	37.5139
94	106.231	90.7846	72.8988	69.536	63.2446	67.9164	66.6605	64.0832	62.0512	59.772	54.0342	37.1019
95	107.515	91.32	71.9194	70.8619	64.1278	66.5033	65.065	65.435	61.6826	56.2058	54.022	35.8795
96	108.595	91.3138	71.1048	72.0602	65.0111	65.1703	63.4696	65.5818	61.314	52.3493	54.0098	34.6597
97	108.95	89.9051	69.9698	73.2093	65.8943	63.8373	61.8741	65.7286	61.7139	49.7551	53.692	34.4123
98	109.118	87.896	68.7612	74.0251	66.7776	62.7612	61.6455	64.9862	62.1928	49.7178	53.3549	35.3643
99	109.608	85.8868	68.368	74.8452	67.8377	60.7943	61.5191	63.912	62.1491	51.6633	53.1936	35.6232
100	110.192	84.0513	68.6132	75.6676	68.9548	59.1032	61.2477	62.7616	61.5565	53.8488	53.0143	36.4049
101	111.436	81.3306	68.7849	75.7294	69.8125	58.1726	60.9601	61.6112	60.9638	54.5619	52.4497	38.1257
102	110.873	78.2988	68.8484	75.5411	69.3678	59.1195	61.0236	60.6337	60.2327	54.9248	52.5853	39.8687
103	109.215	75.6611	69.0892	74.8279	67.9452	62.2056	60.2767	59.767	58.3446	53.8809	52.8631	40.968
104	108.605	72.9676	69.5561	73.5424	66.5226	61.5762	58.6519	58.9004	56.4566	52.8535	52.8908	40.9043
105	107.138	70.7858	70.0319	72.2568	65.0999	63.7925	57.0271	58.0337	54.5685	51.9368	52.2376	41.4198
106	105.344	69.2041	70.7259	70.3502	63.6773	65.1556	55.4023	56.9257	52.6804	51.02	50.7473	42.2314
107	102.866	67.6224	70.2749	68.3884	62.2547	61.6191	53.2607	55.4097	50.9127	49.8438	49.257	42.0956
108	101.296	66.5801	69.2375	67.1243	61.3379	62.2788	51.8663	54.4327	49.8067	48.187	48.2966	42.1047
110	90.057	55.8035	58.3929	55.9797	50.5332	51.8493	40.8289	43.7468	39.0142	36.9597	37.6227	32.2129
111	91.1734	57.313	59.3675	56.8318	51.8061	53.3644	43.1444	45.3129	40.3803	37.4936	38.3986	34.3565
112	92.1558	59.6755	60.4906	58.5938	53.0791	54.5113	46.2236	46.879	42.0323	38.6753	39.0862	36.1985
113	92.9245	62.7894	61.7225	61.4872	54.4084	56.9215	49.3027	47.8318	43.9267	40.5057	39.8741	38.2424
114	92.8969	65.9331	62.9544	64.1027	55.7465	56.473	52.1127	49.4004	45.821	42.5868	42.1455	40.3043
115	92.7326	69.0768	64.5278	66.3703	57.0846	61.0242	54.2415	51.0365	47.8189	44.726	44.5896	42.403
116	93.004	72.2204	65.6727	68.0178	58.4227	61.4779	56.3703	52.3034	49.9017	46.8652	47.0684	43.8554
117	93.769	75.3641	65.9427	67.8224	59.7608	62.6722	58.1792	53.4712	51.9845	48.4148	48.9971	44.8163
118	94.2263	77.7339	67.7604	68.0125	61.1108	63.5749	59.9334	54.6391	54.0673	49.9569	48.9153	46.2778
119	94.4663	80.0108	68.9452	65.4474	62.198	64.1346	61.6876	55.4606	55.6455	51.499	48.8335	47.8595
120	94.1149	82.1131	70.3026	65.7865	61.5033	64.8699	63.2811	56.0747	56.2942	53.2844	48.7552	49.4411
121	94.2903	83.0391	71.9622	67.0595	60.8086	65.9739	63.1911	56.8064	56.9429	53.6844	48.9109	50.1594
122	93.7879	84.2302	73.0923	67.3636	59.4505	66.0671	63.1011	59.0789	57.5916	53.7506	49.4918	50.872
123	94.7047	86.0943	74.425	67.5247	58.1829	65.721	63.0111	61.2059	59.7645	54.139	50.175	51.6456
124	95.8293	87.8425	75.6569	67.6481	57.5267	65.5936	63.1441	62.7787	61.9662	54.9096	51.1391	52.4356
125	95.4034	88.1721	75.9142	67.8523	57.6886	65.8432	64.3094	63.6973	62.9226	55.9597	52.567	53.5837
126	94.9834	88.4515	76.6713	69.2464	59.2103	65.6889	65.4746	64.3967	63.5137	56.5865	54.3974	55.4343
127	95.2597	88.0511	76.9951	69.1285	60.6933	65.1515	66.6399	64.6486	64.1049	56.543	55.1948	56.8746
128	95.9347	87.0095	76.1337	67.7819	61.3249	64.5302	67.1782	64.2227	63.2851	56.0643	54.5823	56.3473
129	96.8855	85.3639	74.5794	65.5504	60.7239	62.3626	66.8862	63.2198	62.2024	55.3793	53.1724	54.8252
130	97.873	80.2636	72.7264	60.8857	58.327	60.0217	66.5941	61.869	61.1197	53.1201	51.5361	52.5528
131	97.8278	73.7269	70.3519	56.8199	55.8793	57.6808	65.4476	59.8106	59.551	51.092	50.0101	50.3539
132	97.0718	69.6541	68.5276	54.6634	53.4421	55.3399	62.5429	58.1388	57.6834	50.7015	48.593	50.754
134	94.3375	64.0275	64.1926	49.8191	47.3679	48.785	55.4365	53.0111	51.4096	46.2382	42.8776	45.4619
135	98.4941	69.5473	69.0436	53.1528	50.1564	51.4715	56.9523	57.1592	53.0325	52.4097	46.0296	50.3041
136	101.414	74.7879	72.8954	55.0481	53.6894	56.1423	57.7955	61.3073	54.6554	57.3074	48.759	53.9415
137	103.254	76.989	75.5958	56.4162	55.785	59.3164	58.2353	63.6991	55.2072	59.1106	50.122	56.3866
138	104.149	77.0958	75.6255	56.6743	57.0082	57.5869	58.675	64.0606	55.2355	59.0076	50.0989	55.9386
139	103.953	75.688	73.2675	54.984	56.7068	56.3487	59.0182	63.5697	55.2585	56.977	48.9334	54.2797
140	102.41	73.2571	71.2215	53.2175	56.1237	53.9696	59.1191	62.0503	55.279	54.7226	46.7586	52.6208
141	102.231	70.8779	70.3536	52.5867	56.664	51.2785	59.3099	61.2942	55.4301	54.2143	44.745	50.8393
142	104.083	70.0836	70.6595	53.3382	57.4018	51.1718	59.7748	61.9432	55.8726	55.8438	46.7923	49.8486
143	104.496	71.0237	71.547	55.904	58.1396	54.9179	60.2397	63.0587	56.3151	58.5438	48.8395	50.5987
144	104.83	72.6715	72.4839	58.7957	58.8773	57.121	60.2339	64.1743	55.4702	59.8182	50.4602	50.7661
146	98.6891	67.7513	64.9399	53.3137	52.9768	50.9302	53.6987	57.8869	47.9969	53.6436	44.5008	44.4262
147	100.921	70.1225	65.5839	55.2583	55.8373	53.0873	56.1655	60.007	48.9536	54.8647	48.7375	47.6434
148	100.934	71.2427	65.4331	55.3228	55.5482	52.1593	57.3161	59.1865	49.5059	54.8182	52.2298	49.1539
149	99.9878	70.8868	65.1614	55.1638	55.6575	50.8947	56.7847	57.6302	50.0573	54.7836	54.4757	49.9641
150	98.2104	69.9945	64.542	54.5864	56.5916	50.2494	56.0898	56.0739	49.0693	54.7491	54.5723	50.1536
151	95.3563	68.9633	64.0557	53.7769	57.2081	48.4928	55.3948	54.5176	48.0813	54.656	53.6257	49.1394
152	93.8942	67.9269	63.0904	52.9326	55.6063	46.4601	56.3577	52.9613	47.3664	54.2486	52.2498	47.7092
153	93.4473	66.7998	61.95	52.0424	53.6924	44.6135	57.6345	51.4051	46.6706	53.1115	50.3209	46.3025
154	93.0958	65.6728	60.4132	51.1017	51.2707	43.2774	56.1913	49.8089	45.6904	51.9745	48.0382	45.2716
155	92.5379	64.411	59.1085	49.9664	48.863	41.8716	54.7382	48.3613	44.7103	50.8067	45.5055	44.2431
158	91.8644	65.4777	59.8294	51.5309	48.76	42.7908	55.2374	49.2737	45.9718	51.9578	45.7667	44.8389
159	90.9155	66.7527	60.1617	52.8444	48.9612	43.85	55.7378	49.8883	46.6231	53.0773	46.4022	45.4885
160	90.6495	68.0278	60.3248	53.4851	49.2441	44.9073	54.3414	49.5285	47.2743	53.8077	46.8785	46.537
161	88.7926	67.8667	60.4023	52.9736	49.5602	45.0395	52.3556	48.7664	47.621	54.5381	47.7678	47.12
162	86.6337	67.5774	60.3812	52.6536	49.6809	45.1716	51.1847	48.0044	47.9567	54.8978	48.7821	47.3161
163	86.0925	67.023	60.3731	52.6355	49.7454	45.2209	50.6449	46.7814	48.2924	55.0497	49.7963	47.2991
164	86.0943	66.1852	60.1597	52.6173	49.2194	45.2058	50.1051	45.6334	48.6437	55.2016	50.7293	46.8567
165	85.9638	65.3475	60.0287	53.1558	48.5043	45.1907	49.5653	44.6491	49.0812	55.0671	50.505	47.4142
166	85.8747	64.2497	59.7957	53.6018	47.6009	45.107	49.0254	43.6648	49.5186	54.9039	50.0071	47.8764
167	85.0392	62.8999	59.2903	53.6137	46.6976	45.0172	48.4856	42.6739	49.956	54.5879	48.9448	48.345
168	84.3556	61.5501	58.8379	52.2707	45.7943	44.9274	47.6455	41.4689	49.2666	53.9529	47.8825	48.839
169	82.6564	60.2003	57.8561	50.4644	44.7144	44.6477	46.5584	40.2638	48.3105	53.3178	46.7711	47.4875
170	79.8191	58.6982	56.4156	48.14	43.4855	44.0742	45.4713	38.8952	47.1816	52.4632	45.2943	46.0176
171	76.6185	57.0018	54.0816	45.5329	42.132	43.0174	44.3842	37.4953	45.6914	51.4789	43.8176	44.1185
172	74.2403	55.3055	51.399	42.8675	40.652	41.3746	43.2971	35.9982	43.849	50.3419	42.3408	41.7222
173	71.9144	53.7889	48.6882	40.2021	38.8453	39.2056	42.2827	34.6231	41.2747	48.1988	40.9833	39.9528
174	69.9246	52.3309	46.5019	38.0294	36.4458	36.1092	41.2787	33.3093	38.7004	45.9948	39.7359	39.1195
175	68.4211	51.0335	45.4584	35.9608	34.1449	33.6193	40.2747	31.9954	37.4596	43.766	38.5273	39.3328
176	66.2657	49.7848	44.9764	34.1589	32.1449	31.9461	39.0238	30.6816	37.9757	42.1331	38.1023	39.8155
177	63.8509	48.2652	44.5383	32.7181	30.1448	31.582	37.7234	29.3677	38.4919	40.4129	38.9806	40.0937
178	62.4508	46.2182	43.769	31.2773	27.3869	30.8747	37.7715	28.0538	38.3712	38.3346	40.9473	39.8691
179	60.3197	43.8943	42.379	29.8365	24.2466	28.2908	37.399	26.74	36.1005	36.2517	40.9044	39.2533
180	58.7007	41.5705	40.4819	27.2755	20.2598	24.2279	35.9778	25.4261	33.8981	34.1034	37.6011	37.0763
181	56.4432	39.2466	39.0673	23.6667	16.2589	18.2105	34.6326	23.9253	32.6802	32.3866	33.6782	35.0003
182	53.4534	36.2257	38.3645	20.0579	11.9644	13.0234	33.2874	23.2633	31.4622	32.8732	30.9633	33.134
183	49.411	33.3153	37.7626	17.2309	8.52329	9.29805	32.9761	23.7098	31.6957	33.974	31.5845	32.7745
184	46.4069	31.927	37.1365	16.1777	8.16455	7.833	33.4533	24.8339	32.2119	34.785	34.3157	34.9499
185	42.3125	31.9122	36.4724	18.3953	9.40987	10.2771	33.635	26.4216	32.7713	35.2919	36.8063	36.5077
186	40.3987	33.0674	35.9469	20.4852	9.84469	14.0335	33.1697	28.0092	33.9952	35.3342	38.1401	38.0562
187	38.158	34.3491	35.8446	22.0191	10.1993	16.2255	32.7122	29.5968	35.2191	35.133	39.2628	40.0582
188	35.5296	35.7453	35.5644	22.919	9.59749	16.7378	32.7033	31.1845	36.7034	34.8365	40.3855	40.7839
189	34.2902	37.3306	35.0796	23.6269	8.99565	14.7564	32.7718	32.7721	38.7125	33.8522	41.5082	40.7356
190	34.0146	38.7716	34.8873	22.9879	7.58716	12.5162	32.973	34.3597	40.7217	32.8679	42.4161	41.2466
191	35.2991	40.3049	35.2586	22.1183	5.5552	11.417	33.9022	36.9761	42.9898	33.1236	43.1005	42.4909
192	37.5037	41.955	36.4985	20.8853	3.17628	12.1381	36.6844	39.6047	45.3296	33.5017	44.1297	44.4435
202	53.1596	66.1456	70.4133	33.8689	38.5401	51.0442	66.7234	53.0816	59.6028	54.4655	66.021	68.8753
203	53.8298	66.9867	71.8409	35.2724	40.6963	53.4467	66.9886	53.5117	62.4756	56.352	67.3023	70.317
204	53.948	67.8279	72.2047	34.5414	41.7247	55.2246	66.2918	53.9418	63.4101	56.8657	67.6712	70.3847
205	53.2969	67.9445	70.1748	32.9428	41.7443	54.8738	65.0553	54.372	62.6041	56.9329	67.8521	67.7853
206	52.5476	68.0158	67.9155	31.0074	41.036	52.7387	64.1818	54.8021	61.3356	56.2575	67.3068	64.8021
207	51.0452	67.7696	65.5711	28.1514	39.5986	51.2955	63.7426	55.2322	59.6225	54.4604	66.7615	62.036
208	50.7291	67.191	63.2968	25.1949	38.1611	50.3005	63.157	55.6623	59.0043	52.0878	66.4875	58.8367
209	50.8755	66.9207	60.8004	21.9797	36.0788	50.127	61.8885	56.0924	58.6688	49.8143	65.3267	54.2821
210	50.35	66.7058	57.3934	18.1879	33.7615	49.1544	60.6545	56.5225	58.5292	47.4362	61.7588	49.1111
211	49.1745	66.461	54.6784	14.3023	31.3416	47.9812	60.1035	56.9526	58.4831	44.1964	58.1166	45.3238
212	47.4961	66.204	52.3931	10.4528	28.2525	46.8784	59.5771	57.5338	57.6798	40.9566	54.4387	41.7076
213	47.1163	65.9387	49.8762	7.60037	25.4263	46.429	59.2368	58.191	56.4821	38.0852	50.7462	38.0914
214	46.9538	65.5691	47.4177	6.29814	23.1132	45.523	59.272	57.6123	54.1243	37.6044	47.0537	34.7475
215	46.641	63.9589	44.8503	5.45773	20.7309	44.4987	59.5076	55.6978	50.5123	37.2178	43.3612	32.8437
216	45.6787	61.5059	42.4565	5.40485	17.6832	43.2643	57.1111	51.9287	46.9004	36.3796	39.1883	30.8093
217	44.4444	59.1123	40.1376	5.50006	14.8025	41.3413	55.0687	47.433	43.4942	34.5849	34.6489	27.5267
218	43.3086	57.2638	37.5033	5.43194	12.4377	36.4359	50.5248	40.4886	40.4189	29.5428	29.2035	24.0833
221	36.2672	49.2643	16.1038	7.52724	11.0848	19.1187	22.3379	26.9007	27.2794	26.8742	29.269	22.5415
222	33.9723	46.9843	20.4473	14.343	14.8745	21.6192	26.6813	29.4859	29.1578	31.2069	30.8705	26.6867
223	16.7634	37.9117	19.9351	15.6697	16.7595	21.3092	25.5509	26.5668	27.2746	28.9256	26.0676	26.2765
224	0.0304529	18.9774	16.2165	10.1585	13.8696	16.233	21.1263	18.7216	21.7358	NaN	18.5268	22.7531
