NaN	1928	1949.8932	1963.8877	1967.3507	1971.1014	1975.2822	1978.7096	1982.9288	1988.0874	1996.6421	2005.9973	2015.158904
NaN	NaN	2.7097	2.5987	2.6336	2.3049	2.5157	2.3744	3.0518	2.2050	2.1382	2.3191	2.1041
0	NaN	65.6805	62.7446	NaN	70.3986	59.9388	57.6838	63.6652	62.3214	54.9233	47.8032	40.339
1	NaN	71.5016	67.754	NaN	74.861	65.729	62.6776	68.0847	66.9983	59.8009	54.6947	42.687
2	NaN	73.5276	69.1372	NaN	77.9966	65.7343	64.0918	69.9087	68.6135	61.0318	56.3036	43.2018
3	NaN	73.9203	69.4243	73.8636	78.1027	67.5582	64.998	70.043	68.3463	60.5397	54.6232	40.9255
4	NaN	73.8268	68.4419	72.8799	83.914	71.5538	63.843	69.0818	67.1209	58.2558	52.5902	38.7446
6	NaN	77.1724	69.7596	75.0308	83.4199	68.3485	65.6455	73.3221	72.0245	59.857	52.852	41.2299
7	NaN	80.5379	73.1899	76.582	83.9259	69.5453	64.8479	74.5059	72.8603	60.7111	54.4173	44.2819
8	NaN	79.2238	73.5863	78.0824	83.1741	70.1599	66.4095	75.126	73.6962	62.0943	56.5794	45.6414
9	NaN	80.6149	74.8772	78.2308	80.9346	68.6305	66.7093	73.9974	73.0558	62.2398	58.4915	45.8473
10	NaN	85.613	73.2696	77.5176	79.64	69.0601	66.5135	73.9688	72.6887	62.4111	58.6206	45.1667
11	NaN	82.163	73.91	76.8879	81.0932	67.3486	66.9046	74.0224	72.4973	63.0506	58.3137	44.5567
12	NaN	80.7113	73.0126	76.5149	81.3738	67.5646	67.2452	74.076	71.9767	62.634	58.3414	44.6591
13	NaN	80.4883	71.8688	75.6039	81.47	66.9844	67.0775	73.6684	71.8027	62.5944	57.1467	44.2849
14	NaN	81.2948	74.0651	75.6313	81.6597	67.7374	68.414	76.9849	72.3412	63.45	57.2978	44.1358
15	NaN	81.5908	73.8314	76.432	80.0172	67.7223	68.5261	76.7762	71.8571	64.3926	55.4484	44.3802
16	NaN	83.2372	74.2475	76.6579	80.5633	67.5661	68.647	77.2066	71.4973	63.3197	57.1616	45.0584
17	NaN	85.5145	74.4615	77.7227	83.4126	68.4851	68.9538	75.2326	72.123	62.9825	58.2323	45.4012
18	NaN	86.3626	75.1798	79.2521	83.6502	69.6663	69.1787	75.2117	72.4057	62.9776	55.5935	45.4477
19	NaN	85.9196	76.08	79.2965	83.8979	70.554	68.8406	75.7375	73.3268	63.7889	55.0559	45.2675
20	NaN	86.1092	73.4565	79.825	86.4697	70.3017	68.194	75.622	73.3716	63.2876	54.2637	44.9448
22	NaN	85.5762	72.7508	78.9135	84.9531	74.0528	66.9739	74.2437	72.0904	63.9422	52.7571	43.1793
24	NaN	88.7108	74.4645	83.6483	86.7729	79.3895	69.3154	76.8957	74.4197	67.9175	57.1845	45.428
25	NaN	89.9477	75.2044	83.5632	87.2554	82.3655	73.1283	79.2042	75.9114	72.4536	61.6882	46.2829
26	NaN	91.2894	76.2742	83.3147	87.5462	82.5173	73.7504	79.1172	75.3115	68.4324	57.3867	46.2607
27	NaN	92.9433	78.1524	84.7986	89.8603	78.2203	74.3275	82.5516	75.6212	68.689	56.5282	46.0329
28	NaN	92.7434	78.545	83.9635	91.5452	79.1528	73.7318	80.9473	75.9309	69.9382	58.2568	45.4707
29	NaN	91.4941	78.5176	83.6347	90.7563	78.342	73.5559	81.2954	76.2406	68.7527	57.1633	44.1847
30	NaN	90.5523	79.2834	83.5382	91.1595	78.0149	72.3825	84.2571	76.0014	70.2221	56.9819	45.7604
31	NaN	89.9809	77.6883	84.0459	90.5975	78.2052	71.7357	82.3529	76.621	68.6474	56.6761	46.6473
32	NaN	95.3039	77.8722	83.1267	89.5222	79.253	75.7317	84.9769	78.3398	70.6596	57.5697	47.4584
33	NaN	101.631	83.5836	85.5758	95.2959	81.1622	76.7838	85.7278	80.2702	75.8491	59.9868	49.2768
34	NaN	107.41	79.0083	84.6326	91.1263	76.5881	72.3572	86.0701	80.0066	73.5382	60.55	50.5171
35	NaN	107.496	81.3269	83.9589	84.845	74.6168	72.3523	82.257	80.0875	74.138	59.8406	49.8317
36	NaN	107.713	79.1912	87.913	87.491	73.8884	73.268	82.2563	80.6552	72.4809	60.5423	51.2334
37	NaN	106.133	78.9579	82.4282	85.4014	76.6174	71.4977	80.4864	78.7226	72.7754	59.668	51.5075
38	NaN	101.798	79.7474	80.3164	84.3094	73.0248	70.6502	87.0073	76.5675	72.0375	58.0531	50.9829
39	NaN	102.039	74.1042	77.776	85.3045	70.0804	69.9123	82.01	75.1384	69.374	57.1392	50.734
40	NaN	101.508	72.2456	75.7148	83.768	70.3741	71.0578	78.038	73.5341	67.4462	56.2906	51.7976
41	NaN	89.3228	69.3502	72.8749	78.3706	70.9365	69.503	74.4603	71.4034	65.7044	55.9404	51.9972
42	NaN	86.2634	68.2407	71.1927	74.7865	65.7259	67.2846	72.7804	70.0937	66.1352	55.4629	51.3331
43	NaN	84.6168	65.9488	71.243	73.7332	64.7289	65.6995	70.0196	69.1434	65.019	54.6525	51.1034
44	NaN	88.7761	66.5055	70.5032	72.7444	65.3372	67.1526	71.0943	68.1001	62.2831	54.6722	52.109
45	NaN	87.0996	68.7641	71.0416	74.4062	68.0379	70.1921	71.4394	68.8492	64.8865	57.4913	52.9052
46	NaN	89.176	69.3393	70.1288	69.3951	68.5927	68.9511	69.7336	68.9316	63.4607	56.9052	53.3635
47	NaN	88.9724	69.7006	73.0562	70.436	69.6018	70.6051	69.621	68.5228	64.1596	56.296	53.0399
48	NaN	89.3621	70.028	74.2994	71.5155	70.2979	70.6781	68.7325	67.6382	63.0359	56.6388	52.1236
49	NaN	90.2504	71.8552	74.8149	72.4184	71.826	73.1189	69.2409	67.3392	64.0817	57.5761	50.3246
50	NaN	91.4911	73.8696	77.3638	74.0431	74.39	73.6034	71.1217	67.7762	66.7251	59.6161	53.7972
51	NaN	93.0479	77.9506	78.6247	78.6402	76.0482	76.121	72.5965	69.4181	69.4345	61.8005	61.1933
52	NaN	93.8567	76.9477	79.4222	79.4067	78.1875	75.2375	70.3201	69.9326	69.3104	60.6774	60.7922
53	NaN	93.6022	76.9727	80.7035	79.7601	77.2742	74.208	69.9165	70.1892	69.6759	61.5793	58.5091
54	NaN	93.4871	76.9258	81.1502	79.6056	77.9148	74.2572	69.5129	70.5261	68.6276	62.2058	56.846
55	NaN	92.3171	78.0317	81.6357	81.2142	78.8516	75.3677	69.3248	70.3282	70.4139	62.9014	58.3856
56	NaN	91.6717	79.3442	82.7249	81.5887	78.6524	77.2972	75.448	70.8433	71.4945	66.4435	60.1972
57	NaN	91.8112	80.1526	83.3248	79.9629	79.7279	78.4303	72.8434	71.321	69.7315	64.4033	62.2709
58	NaN	94.0723	80.4734	82.4068	80.5781	79.426	79.5773	72.5318	71.6619	68.8775	65.5652	61.525
59	NaN	94.1902	80.7788	82.8545	80.7234	79.178	77.1086	71.5419	71.4225	67.1317	63.37	60.2101
60	NaN	91.791	79.3653	81.3229	79.4564	77.2723	74.3471	69.8306	70.1722	64.5865	59.9132	59.8294
61	NaN	88.5313	77.3048	80.1245	78.7795	75.8631	71.935	66.8823	67.3614	63.0866	58.0236	58.1069
62	NaN	88.4881	76.0825	77.7145	79.1798	76.9677	71.8377	66.7431	66.514	64.4273	59.641	58.8541
63	NaN	89.392	75.6164	77.1183	80.6243	77.2352	72.4955	66.066	66.6428	64.716	59.4759	61.0692
65	NaN	94.8641	79.9769	80.7745	85.434	83.0505	78.1821	70.6997	72.3946	67.8895	62.5852	67.556
66	NaN	96.6921	83.0345	83.9178	88.2407	82.2065	80.0385	72.4109	74.3441	71.5419	67.2988	70.172
67	NaN	98.4203	86.0251	85.439	90.0957	86.5901	81.6514	74.8383	72.8143	73.5308	68.1667	71.0283
68	NaN	101.515	89.9382	85.5389	91.1763	89.6659	83.4589	77.2127	72.7993	74.601	68.8202	73.1809
69	NaN	105.287	90.8662	84.6532	91.8339	87.7702	83.7397	79.0352	73.9786	79.3098	76.6918	78.3158
70	NaN	108.471	89.5955	85.4931	93.061	92.967	91.8186	84.2245	77.4306	82.9585	75.8152	78.2081
71	NaN	105.918	89.5441	86.4799	93.0732	96.3383	92.8197	82.9828	76.7391	77.7624	69.1294	73.1939
72	NaN	103.777	89.5053	87.0529	92.5966	94.2095	86.7163	78.489	73.3251	74.0902	67.9951	71.1123
73	NaN	103.966	89.1083	88.046	92.9704	89.8919	85.5455	79.2412	72.9194	73.8279	67.8417	69.4456
74	NaN	105.43	90.5314	89.121	93.9514	90.4377	84.6646	80.1253	73.5033	74.6112	66.8722	68.9869
75	NaN	105.866	91.7677	90.2236	94.7685	93.6281	85.4529	81.485	74.4593	75.4475	69.1467	69.4087
76	NaN	106.004	93.6262	91.1302	96.4436	96.669	88.6876	82.253	76.1443	76.8603	70.5671	72.6329
77	NaN	107.063	96.3245	97.9425	95.841	94.3406	93.0453	84.5793	79.7505	77.74	71.5765	73.5073
78	NaN	108.409	92.9817	94.3873	97.6148	93.6	89.5587	83.7332	76.209	76.454	72.6513	74.3228
79	NaN	108.453	96.4482	93.6531	96.7941	94.7393	92.1746	85.283	81.5982	80.3338	73.6909	75.9625
80	NaN	106.382	96.9011	93.7815	95.5717	93.6987	87.5156	80.2685	77.4849	77.5983	70.0607	76.1559
81	NaN	105.724	95.9336	91.4564	91.9472	92.0771	86.4881	79.9617	75.5056	77.5601	68.4335	75.7414
82	NaN	105.167	92.5125	91.5415	90.8411	90.22	84.3193	79.9622	75.0671	75.1226	68.5302	75.4711
83	NaN	106.939	91.7672	92.1148	91.8745	90.7232	85.1548	78.3455	76.8198	75.4946	69.1713	75.0658
84	NaN	106.457	90.547	93.047	91.549	90.9518	87.6253	83.722	77.8142	75.5312	70.8476	73.643
85	NaN	106.777	89.9568	90.5086	90.5082	86.1977	84.544	75.3432	74.996	72.864	68.2837	72.0845
86	NaN	106.21	88.1447	89.3312	88.3301	86.4812	82.9515	74.788	74.2366	72.377	67.6458	69.1549
87	NaN	104.021	85.8914	88.4788	86.0742	82.6323	80.7077	74.4993	72.2743	72.1029	66.6392	67.1883
88	NaN	101.326	84.757	86.645	83.1135	81.2048	78.9197	74.2782	73.1882	72.7007	66.3335	67.9754
89	NaN	103.624	85.7419	87.7405	80.1084	83.4065	82.0553	77.3881	73.3383	72.7786	68.284	72.1612
92	NaN	108.427	84.8458	88.8192	82.3671	85.707	84.5032	79.6263	76.9567	71.6146	72.2626	74.1889
93	NaN	113.33	86.2817	87.5935	82.0419	84.7891	83.1346	77.8932	79.1582	71.4701	70.6903	71.7012
94	NaN	117.319	86.8686	88.7525	81.7166	83.1183	85.0277	79.0674	81.4459	72.8904	70.2654	70.3691
95	NaN	117.325	86.1886	89.1436	81.4992	83.3659	85.2019	80.2417	82.9174	70.1632	71.0503	70.352
96	NaN	112.86	82.0536	90.5755	84.0626	85.8549	84.9019	82.6708	83.8176	69.5357	73.6664	71.3376
97	NaN	113.637	82.7071	93.1751	90.4484	88.0809	83.9811	88.0867	86.3686	72.7829	78.3896	76.0033
98	NaN	113.891	79.5573	91.8534	86.6434	83.9099	83.0645	80.3782	81.3789	73.0579	76.0007	74.0324
99	NaN	108.066	79.9884	91.8497	82.3673	81.5217	80.5654	80.9898	81.9555	69.7444	74.2497	72.2641
100	NaN	111.243	80.1771	91.1862	84.4478	83.838	80.8207	81.0003	81.8121	71.2588	74.9562	73.2324
101	NaN	116.36	81.3475	92.5699	87.8565	89.9841	89.1007	83.5741	85.169	80.182	81.4356	80.1437
102	NaN	119.029	88.4865	98.9828	95.6977	98.2174	89.7325	86.1285	90.9478	82.6926	83.272	82.9
103	NaN	116.323	84.0942	99.9567	92.2799	97.1987	84.5432	74.8969	89.8674	81.5353	80.8339	80.3401
104	NaN	108.692	86.5228	91.9809	84.3406	91.5013	78.0739	74.3505	78.7711	72.9292	74.2413	76.2725
105	NaN	99.9058	86.4645	90.1641	83.2305	89.2949	76.9928	76.3544	75.0966	75.2447	72.9683	75.4725
106	NaN	94.4944	85.4315	88.469	80.8038	82.2403	76.6578	72.5333	71.6564	74.3472	75.658	75.4829
107	NaN	92.2671	85.0067	87.8498	78.5379	81.2964	74.5418	72.0825	77.6985	71.6982	77.7435	74.2626
108	NaN	91.4016	83.5771	87.3595	76.7875	81.8899	77.3696	73.4914	72.4665	65.107	73.2349	73.2116
110	NaN	80.9404	73.4695	75.5479	65.3509	69.3076	67.2596	62.8688	63.165	58.501	61.778	62.0787
111	NaN	80.6527	74.6135	75.9524	65.6902	70.2633	68.4886	63.8721	63.8631	62.1366	62.5635	62.8447
112	NaN	82.7417	77.2091	79.3664	65.8465	70.6414	69.7874	65.3745	65.4832	54.9714	63.4381	62.8832
113	NaN	85.7213	80.2579	79.7252	71.5565	73.0022	74.8221	67.6221	68.5795	54.3063	61.8485	63.4356
114	NaN	89.5128	80.9381	83.3567	76.6675	75.0988	77.8846	68.2585	67.3853	53.7627	63.1233	65.3402
115	NaN	90.9602	79.174	83.959	78.5628	76.7741	77.6829	70.6118	69.0265	55.703	64.3004	66.443
116	NaN	90.9529	80.5248	84.5803	78.8803	78.4501	84.4756	73.3235	75.6133	58.9323	64.4692	68.3884
117	NaN	92.8198	81.6345	85.2051	81.0384	79.9062	79.0992	74.8164	72.6198	60.4175	66.9141	70.0338
118	NaN	94.6335	79.6633	86.1476	85.2741	84.0231	88.5367	82.6998	77.0837	65.8747	69.8901	71.3108
119	NaN	97.5026	82.2082	84.448	82.6542	85.6677	87.1317	73.846	78.625	64.0326	68.8639	70.5538
120	NaN	98.6311	84.0678	85.7356	83.6212	87.1328	86.215	73.6775	74.9199	64.7531	67.8185	71.3532
121	NaN	100.075	85.8761	89.6006	83.5203	89.0157	86.7523	74.9418	76.9947	69.3687	71.5219	74.5484
122	NaN	101.263	87.822	92.4692	85.6055	89.2763	86.4174	78.1866	77.267	73.836	74.4182	79.9883
123	NaN	102.072	89.4285	91.5737	83.3072	88.4348	82.6912	74.4393	77.496	69.8268	71.545	76.0503
124	NaN	103.224	92.711	92.5986	83.3529	86.7625	86.3117	76.3917	81.9745	77.9973	71.6156	76.6376
125	NaN	103.945	93.0405	91.0665	81.7792	86.352	85.5728	79.5322	83.3346	81.5079	76.4113	76.8558
126	NaN	104.723	92.2226	92.9053	81.2519	87.0794	88.0606	77.3321	86.1849	73.8015	73.8011	76.4585
127	NaN	103.469	91.5831	92.7745	82.7709	86.6935	89.8811	79.118	82.7714	71.3295	73.4564	76.5339
128	NaN	105.066	90.4927	89.4696	81.4771	86.2262	88.5962	77.0198	81.4251	74.4156	73.9991	77.1789
129	NaN	105.779	86.9874	89.6532	81.1319	85.2656	88.48	77.4573	80.3902	72.2559	72.4814	77.5883
130	NaN	97.3019	84.0946	86.5556	78.9665	83.4366	84.1388	74.2387	78.7425	67.002	69.9211	77.8169
131	NaN	100.437	82.8344	85.5033	77.4709	84.8789	87.945	75.7305	84.6413	73.3491	74.4085	81.1973
132	NaN	98.3764	83.3676	84.2796	76.2832	82.8592	87.8808	83.6544	82.8346	73.6836	73.1126	82.8439
134	NaN	89.3272	78.8005	72.4659	72.3341	71.0878	74.3236	70.7263	71.768	61.8298	63.8333	66.3133
135	NaN	93.8566	82.0363	76.4237	75.2441	74.3134	80.3364	72.5262	77.6927	61.965	63.6757	68.3148
136	NaN	93.6509	82.8824	81.3858	76.732	78.2119	82.598	74.5835	79.6868	68.6267	68.6282	70.2378
137	NaN	95.8799	84.9492	84.7069	80.0647	82.5069	85.6094	78.7143	79.5853	71.6579	70.3827	71.0153
138	NaN	94.5206	84.5346	86.737	77.5175	85.1681	83.7635	73.6614	75.3966	70.9065	69.8069	70.8565
139	NaN	93.9116	81.8624	82.3727	76.8309	83.1533	81.1612	71.7949	74.1915	67.0654	66.1949	69.3558
140	NaN	93.9418	77.6202	80.1292	73.0174	80.7241	79.7979	70.126	72.6994	65.4743	64.88	67.7244
141	NaN	93.2592	76.2859	78.6672	73.7037	78.2943	78.4877	69.1347	71.8787	64.622	65.1052	65.9838
142	NaN	94.9808	79.5461	78.6087	75.3248	78.3757	78.1121	69.3123	72.2397	69.5559	63.6435	65.6471
143	NaN	94.5753	80.8938	80.3672	78.6984	81.0409	79.5978	77.8094	75.9435	68.1921	68.9154	66.1126
144	NaN	95.8968	80.8947	82.5956	82.8608	82.5428	80.3672	73.3823	75.3016	68.333	66.8857	66.8271
146	NaN	88.1076	73.2251	76.1837	74.3597	75.4081	72.7806	71.9681	68.8587	62.0532	63.1979	60.4576
147	NaN	89.6772	74.215	78.264	74.8318	76.419	74.7028	68.1606	68.8701	64.2119	64.1972	64.7287
148	NaN	88.8683	75.0322	79.639	73.9992	76.1542	75.934	66.8318	67.1901	65.7652	67.5938	65.1642
149	NaN	89.0704	75.0833	76.636	73.4257	76.3892	74.8796	65.1423	66.8466	66.7297	69.2967	66.0667
150	NaN	88.0276	74.3379	76.1591	73.5088	75.6735	69.0006	63.2888	66.1625	69.0773	70.0248	66.6531
151	NaN	87.7409	73.4141	76.5604	73.0822	75.5336	68.2832	61.3896	65.285	66.9875	65.7245	65.6923
152	NaN	85.7074	72.4903	74.8262	72.4901	73.6921	68.8896	59.868	64.084	65.4975	63.6117	63.0306
153	NaN	83.9611	71.248	74.5978	71.6456	73.9946	71.1795	59.6374	63.0238	65.5204	66.4552	66.2193
154	NaN	84.1887	70.2318	75.2755	69.6786	70.5232	69.3309	62.5229	62.6899	65.5954	64.7579	62.7884
155	NaN	84.1077	69.6922	74.4894	71.2576	70.5526	67.9482	60.0552	62.3238	64.0618	62.1974	60.6886
158	NaN	85.7954	72.6961	78.0864	72.5501	73.2225	66.6074	61.4657	65.6035	66.6678	65.5916	62.2357
159	NaN	87.0515	73.7137	81.8917	73.3953	74.2248	67.6138	64.6523	66.024	67.4922	62.9756	63.3935
160	NaN	89.0819	73.6544	79.2362	72.6667	72.5156	67.0576	64.2888	65.1436	68.3964	62.4963	63.955
161	NaN	89.0573	73.0132	77.9045	69.8015	70.3132	65.462	61.9825	64.7907	65.9607	66.6307	64.1615
162	NaN	86.1766	72.142	77.5526	68.8634	70.8902	66.6475	62.1868	66.6489	66.8053	66.3692	63.2034
163	NaN	84.2134	71.4701	77.2762	72.0313	69.1444	67.5908	64.6201	65.0871	67.9821	65.0422	62.5543
164	NaN	82.8495	70.9717	77.7865	74.9275	71.4351	66.0102	61.4107	62.6392	66.1429	65.5519	62.4676
165	NaN	82.1488	71.5024	79.6577	76.3045	71.7496	71.9789	66.5028	65.9576	66.1498	64.335	62.1945
166	NaN	83.7805	72.1062	80.2324	69.8529	72.0063	70.7938	63.3061	65.094	65.2141	63.4587	61.7952
167	NaN	83.8103	72.2812	78.3829	67.7339	70.3271	66.6031	60.2233	63.505	66.5502	64.0678	61.6589
168	NaN	84.8522	71.0954	77.6066	67.0655	68.5686	65.81	59.9356	63.0859	65.6953	64.3623	61.5227
169	NaN	83.0507	69.9175	75.7677	68.8538	69.1733	65.6839	60.2479	61.6398	64.2265	62.4284	61.0484
170	NaN	80.0151	67.4971	75.136	65.375	67.2968	65.113	63.1368	60.3267	65.5316	61.9697	60.3419
171	NaN	78.5806	65.3043	73.1605	62.1808	65.2392	63.3673	59.0522	58.587	63.0757	61.4696	59.3115
172	NaN	76.9001	63.746	71.2107	62.2953	66.7924	60.2386	56.3061	56.5896	59.858	60.6882	56.7496
173	NaN	75.3949	61.747	69.2145	58.5402	62.4552	57.9192	53.4984	55.1625	59.0982	56.8068	54.9741
174	NaN	74.3609	59.0401	67.2166	54.864	59.3147	56.285	52.4166	52.4967	55.4696	55.3671	53.8065
175	NaN	72.8771	57.9572	66.1373	56.1584	57.9401	56.0456	54.8085	52.3507	54.0234	54.2929	53.6471
176	NaN	71.5455	57.0865	65.6225	56.3145	56.7711	55.8431	55.616	51.3439	55.086	53.522	54.1492
177	NaN	71.628	56.2297	66.653	57.5257	58.4552	55.487	53.5295	57.1682	56.591	55.6286	58.5505
178	NaN	71.1965	57.2221	65.3691	57.6312	57.1759	56.7133	59.5229	56.8751	62.4729	57.3537	58.2249
179	NaN	69.549	55.8004	69.8957	56.1572	53.1661	52.7982	55.9714	56.9767	61.4548	55.6531	58.5357
180	NaN	66.8751	53.1634	68.9796	51.9916	51.3328	51.0866	51.5872	56.0923	58.8469	54.1937	55.0453
181	NaN	63.6289	50.4663	56.8223	44.3435	46.8847	50.1042	51.6213	52.6976	54.8335	50.1037	49.8876
182	NaN	63.1365	46.1977	53.2053	41.674	45.0624	47.9659	50.0252	50.3517	50.9079	44.6073	46.8487
183	NaN	62.2638	46.0589	48.8107	41.0881	42.9306	46.7413	49.7983	50.8298	52.7205	42.7683	48.9007
184	NaN	61.4335	47.6627	50.5432	41.6757	42.5164	47.5446	52.3336	53.6403	61.5248	47.8011	51.1629
185	NaN	60.5741	49.7795	61.1784	41.7382	42.2192	46.4263	52.3955	53.7676	60.5374	49.9974	53.861
186	NaN	59.4673	49.9776	62.5757	49.112	41.3743	48.0014	52.2396	56.2478	59.4085	53.7004	60.0312
187	NaN	59.59	49.604	59.8031	45.403	44.1659	44.3839	51.3579	50.7058	51.352	50.5862	61.5781
188	NaN	59.5428	51.5006	59.9983	41.8091	42.2959	50.1699	58.8515	61.4548	59.1535	54.1817	62.4466
189	NaN	61.3622	51.0694	57.5513	50.4694	39.7564	54.0317	65.9685	67.943	66.2229	60.8721	64.0645
190	NaN	64.7758	50.0329	55.7529	54.9396	46.7434	50.6127	57.5309	60.4558	66.811	64.7343	63.7864
191	NaN	70.38	49.1027	56.491	55.1817	45.9153	47.2925	52.0207	59.9896	57.6468	60.3835	62.867
192	NaN	76.6244	52.6368	55.1392	42.4769	43.1347	48.1488	58.1038	63.3873	67.5225	57.3718	65.8981
202	NaN	108.273	106.76	114.079	97.1358	95.5652	91.5608	93.3314	101.802	98.0759	88.6533	101.391
203	NaN	109.571	104.233	110.627	87.6779	88.5216	83.6683	84.3542	95.5455	98.4128	90.1643	95.6184
204	NaN	114.324	98.2169	105.503	78.0281	88.6127	84.2978	79.7413	91.3479	94.1089	89.1854	96.4839
205	NaN	113.607	90.3927	85.0113	67.7822	80.1532	79.8422	81.4765	83.9547	89.0774	81.3674	99.1457
206	NaN	104.94	79.4757	77.8602	58.195	72.3829	83.2314	84.3261	83.833	95.3192	82.5062	94.5921
207	NaN	91.5289	76.8808	76.5514	56.9464	69.6405	85.8017	84.3624	89.8053	94.7486	82.4402	90.2571
208	NaN	88.4933	73.9857	71.7372	55.6256	67.0416	83.6651	83.5899	89.2083	91.3002	81.0559	87.8173
209	NaN	87.0465	71.819	70.0398	53.145	67.0739	79.7755	82.8174	86.194	88.9476	80.0908	86.4409
210	NaN	84.9082	68.4811	69.4014	51.0405	64.6308	74.6866	82.0449	84.0512	83.5641	78.3104	84.8913
211	NaN	83.6286	65.9252	64.687	49.6009	65.8015	81.947	84.3441	82.2042	70.5496	74.9322	83.1424
212	NaN	80.9374	63.6303	62.9622	45.6139	66.9223	86.4481	86.5447	84.1304	76.2665	73.6284	88.1638
213	NaN	81.1272	60.3598	62.9582	46.2673	68.3313	87.8384	89.0825	86.6431	75.4419	73.9365	92.8018
214	NaN	82.1809	61.8446	64.8114	48.047	69.8805	88.8964	88.9431	88.6616	85.5129	73.8069	94.5041
215	NaN	81.2752	61.8614	62.8139	46.6712	69.1051	84.211	88.5483	91.5464	85.0925	74.1955	93.8955
216	NaN	80.3651	60.0109	59.1924	46.0079	68.4804	75.5187	87.2059	91.0021	81.2295	76.0416	92.5052
217	NaN	78.0597	58.7996	62.6179	45.7545	68.1516	72.1493	85.8579	88.4819	69.9181	76.6541	91.9876
218	NaN	75.0444	54.5756	52.4104	45.8454	65.6524	71.2441	83.4295	83.977	64.1846	69.367	87.3757
221	NaN	65.3649	46.578	30.3041	45.9919	44.799	47.6122	50.4916	49.3808	53.5503	49.2724	55.4773
222	NaN	60.9429	45.373	34.8257	41.8264	41.7928	43.6869	46.1089	51.8193	49.0686	49.7185	49.1104
223	NaN	50.6406	42.2637	32.9242	39.0204	43.0639	47.0272	48.373	49.545	48.8502	48.3691	42.4582
224	NaN	35.9125	31.52	32.896	32.1254	35.463	35.4805	37.4175	36.8979	NaN	35.7008	36.3339
