NaN	1928.0000	1933.0000	1949.7425	1949.8274	1958.9041	1967.3096	1971.1014	1975.2822	1975.4219	1988.0902	2006.7781	2015.1575
NaN	7.3618	9.0237	6.0970	6.0798	7.1045	6.2220	6.6881	6.0449	6.0449	6.8341	5.9282	5.9250
1	72.8417	80.8992	78.846	NaN	91.9768	94.8834	92.6038	79.3523	NaN	96.7352	100.67	100.67
2	71.5715	75.106	76.6622	NaN	87.9219	94.4346	90.4139	75.8698	NaN	95.0141	98.7401	98.7401
3	74.3444	73.474	76.8706	NaN	82.9787	91.0788	89.0554	75.2452	NaN	91.9563	93.1347	93.1347
4	77.5161	72.6172	81.6359	NaN	81.01	90.7962	88.3822	75.8923	NaN	91.5621	93.2691	93.2691
5	81.4206	73.9688	88.7446	NaN	81.8982	86.5579	88.5468	77.8802	NaN	93.9039	93.1647	93.1647
6	85.6268	79.301	98.6191	NaN	83.697	85.7235	84.6104	83.4681	NaN	98.204	97.2968	97.2968
7	90.4739	84.6613	103.321	NaN	87.8747	90.0533	89.1776	93.5509	NaN	103.403	102.029	102.029
8	95.1864	89.367	108.037	NaN	95.2355	94.6316	93.0497	102.308	NaN	106.695	106.626	105.952
9	100.087	93.8569	111.779	NaN	104.264	99.587	96.368	108.203	NaN	106.248	109.976	105.999
10	103.415	98.0174	113.951	NaN	111	103.371	100.582	111.981	NaN	106.916	109.27	105.726
11	105.094	98.8836	114.775	NaN	116.555	105.958	105.645	112.885	NaN	107.49	109.73	106.109
12	104.847	98.6443	114.205	NaN	116.899	107.879	109.35	113.317	NaN	108.006	109.038	106.14
13	103.093	98.3162	113.323	NaN	114.467	109.142	110.382	111.824	NaN	107.369	107.424	105.549
14	101.627	97.4539	113.476	NaN	109.569	108.086	107.392	109.651	NaN	106.532	106.038	104.949
15	100.158	97.2035	113.163	NaN	105.975	103.582	109.08	106.668	NaN	107.731	104.899	105.738
16	98.4173	96.155	111.761	NaN	104.45	100.636	107.489	103.94	NaN	110.239	103.406	103.651
17	96.677	94.8204	107.659	NaN	107.637	100.207	106.641	101.547	NaN	109.39	102.135	102.094
18	96.6812	94.1144	105.058	NaN	111.084	100.235	108.671	100.115	NaN	111.06	103.265	102.623
19	97.0324	94.9642	103.244	NaN	113.401	100.277	110.927	99.8121	NaN	113.506	104.396	103.151
20	98.0086	95.5152	101.486	NaN	114.848	100.269	111.463	99.6659	NaN	113.919	105.526	103.68
21	99.1273	95.2217	99.8204	NaN	116.207	99.8293	111.93	99.5335	NaN	114.582	106.646	104.166
22	99.9884	94.117	98.2482	NaN	112.87	99.6916	107.586	99.6767	NaN	115.407	106.131	103.538
23	100.687	93.1	97.905	NaN	109.865	100.566	102.966	98.2916	NaN	116.219	104.912	101.961
31	96.2807	85.1384	82.3825	NaN	82.0245	72.4976	74.0987	70.4902	NaN	76.1823	82.2419	84.8153
32	85.4551	84.0482	81.7668	NaN	81.7445	72.258	73.135	70.4606	NaN	76.1361	83.4441	84.9715
33	74.8953	82.0868	81.3919	NaN	81.5287	70.4114	69.4282	66.904	NaN	75.9214	83.3033	84.8327
34	67.7898	80.951	81.1243	NaN	81.3124	68.1034	66.4029	63.3528	NaN	75.6597	83.1418	84.6873
35	66.5464	80.7888	80.8567	NaN	81.0835	65.2128	63.9987	60.6574	NaN	76.1745	84.8503	85.9165
36	69.286	81.3775	80.88	NaN	81.0857	68.7232	65.2406	62.3456	NaN	77.6415	86.5588	87.1604
37	77.027	83.5405	84.3029	NaN	80.6062	75.8241	71.1935	69.9	NaN	79.1096	88.2672	88.4044
38	83.7122	84.3342	89.0304	NaN	83.58	80.3205	76.3929	76.6428	NaN	80.934	91.6468	90.6603
39	88.3896	86.0583	93.8262	NaN	88.7102	83.0569	81.1671	80.6502	NaN	82.7585	94.3434	92.6066
40	90.5975	87.8733	95.7627	NaN	92.3732	84.0509	83.1713	81.06	NaN	84.5829	96.1678	93.9458
41	91.3858	89.1577	96.1446	NaN	92.0754	83.7814	84.0973	80.9615	NaN	85.0875	95.1217	92.8403
43	78.6027	74.8526	80.1605	NaN	74.901	67.2582	69.0577	66.4247	NaN	68.332	79.5049	76.8131
44	84.9379	81.1307	84.3891	NaN	78.0306	70.4544	72.8733	71.4482	NaN	71.289	84.5302	81.5361
45	89.9712	84.6182	88.4315	NaN	81.4246	72.928	75.8049	75.7943	NaN	72.9301	88.6688	84.7313
46	93.722	87.6951	91.0518	NaN	83.8964	74.9583	78.5832	79.8485	NaN	73.9441	92.6667	87.5804
47	96.0507	90.2483	93.6722	NaN	86.0126	76.6389	80.7588	82.8907	NaN	74.9969	95.352	90.0956
48	97.5403	93.0631	95.5413	NaN	88.1288	78.7265	81.6779	84.5359	NaN	76.2474	97.3954	92.4107
49	98.5781	95.7691	97.1361	NaN	90.2277	80.5122	83.0205	84.9624	NaN	77.6104	98.9258	93.5993
50	98.9992	97.0415	97.7526	NaN	90.8609	81.37	77.2343	85.2883	NaN	79.1419	100.042	93.5507
51	99.7999	97.4743	98.3692	NaN	91.4941	82.328	69.2334	85.0866	NaN	80.6735	100.277	93.6378
52	100.663	96.6776	98.9857	NaN	91.441	83.479	71.2181	85.0457	NaN	81.6462	99.9804	93.8176
53	100.774	95.4181	98.9052	NaN	91.3839	83.7423	78.43	85.1994	NaN	82.4342	99.6996	93.602
54	100.259	93.6248	98.2015	NaN	91.3267	83.7469	84.852	85.1372	NaN	82.2394	99.4333	92.9563
55	98.5799	92.4462	96.1687	NaN	90.8917	83.6158	85.0307	84.0989	NaN	82.0445	99.6085	90.9714
56	96.6548	89.8991	94.1031	NaN	89.4862	81.408	83.0843	82.206	NaN	81.752	100.063	88.1842
58	89.6572	81.7706	85.269	NaN	80.4988	74.8995	74.5042	74.9714	NaN	75.1178	97.1336	81.2546
59	90.96	79.4152	86.1265	NaN	81.2845	76.0581	74.7531	77.238	NaN	76.8852	97.2403	82.5191
60	89.7053	78.0415	85.0124	NaN	81.4606	76.242	73.3875	77.3397	NaN	77.4738	95.424	83.742
61	87.4749	76.3665	83.6662	NaN	81.1473	73.8392	70.9219	75.2737	NaN	76.9762	93.1817	81.8684
62	84.4813	73.9323	82.2529	NaN	80.0652	69.2126	68.2425	73.263	NaN	74.9292	90.9323	80.267
63	81.0087	71.4794	80.2778	NaN	79.4323	64.3647	65.3601	71.7678	NaN	72.1154	88.1478	78.8506
64	76.9705	67.4772	77.944	NaN	76.7554	60.7433	63.5401	71.9991	NaN	68.8975	85.1145	76.2724
65	71.5737	61.4522	75.336	NaN	71.7675	58.9599	63.2493	70.9697	NaN	65.9945	79.7948	72.108
66	66.3189	58.4188	71.097	NaN	70.1609	58.4376	63.142	67.7691	NaN	64.7081	74.8861	68.423
67	63.0575	54.7324	69.661	NaN	69.3861	57.0624	63.7455	62.7286	NaN	64.0857	73.8461	66.0424
68	62.6708	51.2874	73.3261	NaN	72.8742	53.9397	63.0598	59.8795	NaN	64.3226	69.6807	66.4163
69	63.1603	54.4467	73.0286	NaN	72.9174	57.5961	60.3964	58.353	NaN	63.6197	63.9421	64.1185
70	66.1504	58.7263	71.1129	NaN	73.1747	63.0868	63.1225	60.4572	NaN	65.0431	65.0917	65.4057
71	70.6979	62.7081	70.8322	NaN	73.4319	64.7297	64.2837	62.8306	NaN	66.0533	66.0679	66.5248
72	74.6645	67.2684	71.9578	NaN	74.1226	65.5068	65.0733	64.9391	NaN	66.429	66.9216	66.4887
73	77.6936	71.6599	73.4611	NaN	75.0582	66.2643	65.7995	66.6796	NaN	66.6979	67.6791	65.0846
74	77.4103	72.6561	73.6829	NaN	75.1067	66.3169	65.7395	67.7486	NaN	66.797	67.6925	63.2095
75	76.459	71.3871	72.1447	NaN	74.2371	65.6669	65.1275	67.6767	NaN	65.8657	66.7148	61.2721
76	75.6048	69.3362	71.6148	NaN	72.9534	65.2239	64.4549	67.0607	NaN	64.7996	65.6841	60.3813
77	74.8236	65.9077	70.9366	NaN	71.0343	64.209	63.7683	66.647	NaN	63.5968	64.4249	59.4688
78	73.7936	62.3163	69.0348	NaN	68.2887	62.2907	62.5927	65.1197	NaN	62.3939	63.4403	57.5608
79	72.51	61.0773	65.5331	NaN	64.7295	59.6924	60.5932	62.5667	NaN	61.1911	59.3461	55.2272
80	70.5592	59.6469	62.4308	NaN	61.6646	57.5459	58.5024	60.091	NaN	60.0263	54.5432	52.3915
81	68.3956	60.5892	60.2606	NaN	59.3724	56.5917	57.9838	59.216	NaN	58.8845	52.5583	51.4528
82	66.8129	59.0377	59.1347	NaN	57.7336	55.6856	58.9474	58.9855	NaN	58.1946	51.9185	52.3304
83	65.2742	56.369	59.4638	NaN	56.5213	55.6433	59.6057	60.3172	NaN	58.2992	52.2205	53.208
84	63.7355	57.2058	60.9467	NaN	56.5006	55.7606	59.6761	61.85	NaN	59.357	53.534	54.6322
85	62.2686	58.0426	63.3673	NaN	57.887	56.795	59.6838	63.4785	NaN	61.3544	55.542	57.0498
86	60.822	58.8793	66.0549	NaN	59.7845	59.278	60.9168	65.7107	NaN	63.476	58.4918	59.4646
87	60.4885	59.7954	68.7362	NaN	62.7759	61.761	63.2825	68.3431	NaN	65.5977	60.7161	61.7991
88	61.2817	61.3993	71.3503	NaN	66.0181	65.1678	65.8772	71.6523	NaN	68.6956	63.103	64.8601
89	62.498	63.4176	74.7076	NaN	69.9668	68.902	68.5386	75.8252	NaN	72.1878	66.3204	68.9715
90	64.3905	65.9006	79.445	NaN	74.3005	72.3422	71.5222	80.4056	NaN	76.6382	70.1348	73.0296
91	68.7681	70.7357	85.2167	NaN	78.717	75.2122	74.0196	86.2553	NaN	81.9205	73.7394	76.9889
93	70.3976	70.6536	87.0329	NaN	78.7298	75.4926	75.2271	87.9108	NaN	82.1149	74.552	77.317
94	69.3619	66.4237	89.0903	NaN	77.4068	76.7771	81.2261	89.6567	NaN	78.8397	73.8606	76.4139
95	68.5317	62.1939	87.2392	NaN	78.1537	80.9825	85.2386	88.6664	NaN	75.9745	73.6293	74.6613
96	67.7015	61.3871	85.9074	NaN	78.9256	77.4174	82.6117	85.2664	NaN	74.7456	74.2093	74.3612
97	67.5442	60.0775	85.4903	NaN	79.6974	74.1918	82.1853	81.8664	NaN	79.4255	76.4067	74.5301
98	68.6278	62.8913	86.3275	NaN	80.4693	75.4297	82.1553	78.4665	NaN	85.9089	78.3403	74.982
99	69.7115	63.4719	86.997	NaN	80.9012	76.5342	77.8435	79.4201	NaN	86.9377	80.3544	75.4141
100	70.9214	64.9218	87.5656	NaN	80.8454	77.4073	78.2916	80.5158	NaN	84.9033	82.8292	75.815
101	72.2908	66.1077	87.8764	NaN	80.3632	78.1339	79.2072	81.9892	NaN	82.6681	84.6973	77.0891
102	73.721	66.1626	88.0616	NaN	79.7893	78.9512	80.3792	82.9479	NaN	79.7157	85.9373	78.4923
103	74.1303	66.7597	87.2888	NaN	79.2154	79.0675	81.6916	82.3508	NaN	77.4065	86.0421	79.7676
104	74.1428	65.8871	87.3913	NaN	78.6415	78.3214	84.6814	81.1777	NaN	85.7191	85.4745	80.2697
105	72.7247	65.7443	86.5562	NaN	78.0676	77.3475	84.1143	79.6376	NaN	86.3095	82.7158	79.2844
106	71.1522	65.5963	85.7709	NaN	77.4937	75.841	79.4259	77.4924	NaN	85.6072	78.5834	77.973
107	70.5009	64.4888	85.0193	NaN	77.1894	74.3346	76.9788	75.3786	NaN	85.0789	76.2269	77.0077
108	70.1779	63.6442	83.217	NaN	76.9467	73.0069	76.8891	74.1423	NaN	83.3844	76.0651	76.2984
109	70.9099	64.1967	90.7353	NaN	76.704	73.0363	74.895	72.5001	NaN	80.4484	75.8206	74.6368
110	72.575	67.1788	90.044	NaN	76.6433	73.0657	73.7517	71.8133	NaN	80.9497	78.4622	74.2255
111	74.1437	67.5403	89.9231	NaN	77.0325	73.6844	74.3683	74.2543	NaN	80.55	83.3729	75.8157
112	76.5437	68.1534	91.0545	NaN	77.8644	74.4797	75.1161	79.7782	NaN	79.8225	91.8101	77.2276
113	72.8797	62.7774	86.9777	NaN	74.7267	69.9831	70.7739	84.8748	NaN	72.9397	87.606	72.1313
114	71.3972	61.635	84.9502	NaN	74.6495	68.2247	69.8415	82.6471	NaN	71.1727	84.002	69.021
115	69.9147	59.7909	81.44	NaN	75.0937	69.1627	72.135	78.679	NaN	71.7326	80.3203	66.4003
116	68.8696	57.4935	79.6639	NaN	78.0015	70.2602	75.0171	76.6794	NaN	71.2581	78.3245	65.2173
117	67.9398	55.2841	78.4838	NaN	76.9507	70.6667	73.6415	76.127	NaN	70.7213	76.7329	64.2296
118	67.0332	54.1887	78.1738	NaN	76.258	70.9724	73.6444	71.616	NaN	70.1353	76.5731	63.4371
119	67.128	53.9687	78.2941	NaN	76.3298	70.9474	74.5329	71.0406	NaN	70.936	72.7145	62.8311
120	67.4867	54.4617	79.7956	NaN	77.2092	71.3417	72.9445	71.4576	NaN	69.7909	68.665	61.9953
121	68.5307	56.0052	76.8589	NaN	78.2069	71.6986	70.6365	71.8596	NaN	68.2192	67.0467	60.181
122	69.5747	56.9703	74.7152	NaN	79.4329	72.3142	70.4453	72.646	NaN	66.0654	66.5784	59.4753
123	70.0758	60.8403	73.8003	NaN	80.5679	72.4059	70.5578	73.7928	NaN	64.8368	66.0353	59.2826
124	70.5423	61.9478	75.1093	NaN	81.6785	72.0381	70.6894	74.5251	NaN	63.6192	66.185	59.8888
125	71.3812	62.2622	77.4412	NaN	82.7852	73.4042	71.8423	75.2575	NaN	62.6559	66.3347	60.495
126	73.1433	62.4392	80.1392	NaN	83.6942	74.2636	73.1763	75.7852	NaN	62.3629	67.0257	61.4877
127	74.5542	62.0643	80.9403	NaN	84.5771	75.1268	74.7305	76.2821	NaN	62.4389	67.3679	63.8592
128	75.5582	62.4977	80.316	NaN	85.9342	75.9123	76.0737	76.6012	NaN	62.5148	67.1888	63.9322
129	76.0589	62.4567	79.6591	NaN	86.6381	76.3283	75.5508	77.0969	NaN	61.6822	66.7799	63.0685
130	76.2132	63.3873	77.4528	NaN	81.536	75.0217	74.002	76.0358	NaN	59.5836	65.0038	61.8231
131	74.9973	63.439	74.7912	NaN	78.3656	72.4782	71.4641	73.7437	NaN	56.0601	62.8634	59.5482
132	73.107	63.1775	72.0544	NaN	74.1788	69.3785	68.0034	66.3756	NaN	51.7244	60.6976	57.0989
133	70.4634	62.8763	69.4206	NaN	71.2868	67.6672	64.8101	61.0144	NaN	49.8049	58.6133	54.7713
135	71.2655	65.8215	70.6874	NaN	72.0962	69.0427	65.7145	62.5618	NaN	56.0238	60.5235	55.913
136	75.2418	71.9608	75.0957	NaN	76.0489	72.6264	70.1701	67.4371	NaN	63.7239	65.9279	60.309
137	81.1931	74.8615	80.2921	NaN	80.3811	76.3758	74.6257	71.0276	NaN	68.3178	71.1123	65.0073
138	85.9876	77.461	85.4886	NaN	85.0444	80.1629	78.206	74.5365	NaN	72.0634	76.2966	70.1563
139	89.6951	81.2235	90.685	NaN	89.8107	83.2136	82.1491	78.2333	NaN	75.4047	82.0686	74.5755
140	93.3555	82.6644	95.803	NaN	94.498	85.7747	84.9458	82.0302	NaN	78.2472	86.8809	78.651
141	96.662	85.3295	99.699	NaN	98.5393	87.8497	87.3942	84.3298	NaN	79.1604	90.3413	81.9036
142	99.1984	86.2194	101.691	NaN	100.853	89.1026	90.0226	86.2588	NaN	80.1076	93.0097	84.6275
143	100.666	87.9667	103.192	NaN	101.184	90.3556	91.1151	87.5269	NaN	81.3056	94.0372	86.5567
144	100.833	88.0138	102.835	NaN	100.54	91.3137	91.4996	87.685	NaN	81.5865	93.0833	86.7986
145	100.231	87.3136	102.478	NaN	99.3402	89.9426	90.728	87.2785	NaN	81.2346	91.5849	86.7494
146	99.0162	84.8167	100.956	NaN	97.4517	87.895	89.3905	85.006	NaN	80.6009	89.2286	86.0655
147	96.7961	82.2358	97.2313	NaN	95.5633	84.719	86.6878	81.0762	NaN	79.0606	86.3682	83.3897
148	93.1183	78.4992	93.1201	NaN	93.0339	78.9776	81.1381	75.5059	NaN	75.2124	82.6092	79.143
149	87.5578	74.3665	87.8261	NaN	86.6321	72.5532	74.2109	69.8705	NaN	70.5917	77.4616	73.4089
150	80.2231	67.9822	79.7544	NaN	79.4194	66.9495	67.5216	65.2377	NaN	65.6815	70.8458	67.1648
151	71.8096	61.9787	74.3062	NaN	77.2846	62.077	62.5132	60.2967	NaN	58.9715	63.811	60.3117
152	66.7692	50.5036	NaN	66.9416	64.2873	59.9149	56.3885	53.8475	NaN	58.6727	54.6748	54.6748
153	70.3042	51.4753	NaN	70.2575	67.6719	62.3511	60.3388	57.7404	NaN	63.0222	60.6879	60.6879
154	73.8376	55.9249	NaN	73.4304	70.4032	64.6543	63.8522	61.4949	NaN	66.183	65.3319	65.4916
155	77.348	60.7261	NaN	76.7779	72.6847	66.5808	66.7494	64.1511	NaN	69.2598	69.5082	69.0165
156	80.8583	65.9779	NaN	80.4321	74.2993	68.1079	69.5339	66.6684	NaN	72.1361	73.4029	72.1412
157	84.5161	71.2686	NaN	81.3127	75.8575	69.6168	71.2436	69.9861	NaN	74.4646	77.0597	75.0849
158	88.2112	74.6032	NaN	83.1939	77.8145	71.3935	73.1346	73.6606	NaN	75.4333	80.7165	78.0287
159	91.757	80.4739	NaN	85.075	80.3705	73.4319	74.6375	77.8919	NaN	77.004	84.3732	80.9724
160	93.7984	82.68	NaN	86.9562	83.2604	76.1096	77.5085	79.5114	NaN	80.7471	86.1149	85.7568
161	94.7005	77.0157	NaN	88.0146	85.7187	78.6076	80.3453	80.0209	NaN	84.9287	86.5517	90.5588
162	93.0814	77.7234	NaN	86.7774	87.1687	74.829	76.9574	79.4036	NaN	87.2825	85.3939	90.6051
163	97.0615	79.8171	NaN	83.2774	84.3845	63.4466	68.1643	73.4359	NaN	85.174	82.8068	89.1481
164	99.7128	82.5324	NaN	79.9351	79.0881	50.0259	62.708	66.5622	NaN	81.2903	79.6466	87.2303
165	98.5255	85.4097	NaN	77.0487	72.7548	47.7649	63.1539	60.7775	NaN	78.0832	76.1799	85.203
166	92.65	88.5009	NaN	75.971	72.5966	56.5013	65.0924	59.0632	NaN	75.4728	75.1484	85.4518
167	95.7612	99.2525	NaN	77.2471	76.619	66.7996	67.1712	62.3199	NaN	73.0641	81.7047	87.7373
168	100.487	99.7293	NaN	81.9503	76.6799	70.8429	69.3097	65.1661	NaN	78.3589	87.1299	89.7961
169	103.124	97.5009	NaN	87.0651	81.8555	73.4677	72.1177	66.2548	NaN	81.0356	90.4933	92.557
170	105.145	98.0055	NaN	89.2163	87.0727	75.0549	73.8142	67.3435	NaN	81.7707	92.7721	93.6439
171	104.987	99.6079	NaN	87.7225	86.1083	75.1157	72.3113	67.3134	NaN	79.7837	92.925	92.925
172	103.498	96.0052	NaN	85.9317	83.9059	72.2452	69.8271	66.3832	NaN	77.616	91.3333	91.3333
173	101.168	93.2208	NaN	84.2075	81.7705	70.3185	67.3429	65.2689	NaN	75.778	89.8436	89.3693
174	99.5588	92.6478	NaN	82.1102	79.7484	68.8273	64.7967	64.0592	NaN	74.4341	90.1943	88.4265
175	98.1032	90.9271	NaN	79.0438	77.6074	67.3288	61.5728	62.1316	NaN	73.1168	92.8426	87.6147
176	96.2579	90.4689	NaN	75.7262	74.8331	65.5921	58.349	60.2458	NaN	71.6369	94.9953	85.7394
177	92.9253	86.9741	NaN	71.5792	70.7369	62.0443	55.059	58.4084	NaN	69.9689	90.0436	83.9085
178	87.9616	81.4696	NaN	66.3353	66.2672	57.7471	51.7849	56.571	NaN	67.3427	86.1006	82.2716
179	82.6496	78.7186	NaN	60.5528	61.1315	52.6515	48.7679	54.6801	NaN	64.3378	85.4397	80.1965
180	77.1571	75.2955	NaN	54.8948	55.8164	47.0424	47.0104	52.6943	NaN	62.1167	83.7415	78.5785
181	71.424	67.6007	NaN	49.2711	50.586	41.0326	45.712	50.7085	NaN	59.94	82.7383	77.5145
182	66.1249	61.675	NaN	45.9916	46.4841	37.0854	45.3442	49.7911	NaN	58.0337	81.7858	76.5432
183	61.6093	55.5324	NaN	43.5626	44.4622	34.7452	46.1783	50.2634	NaN	57.3929	80.9683	75.5372
184	59.6961	52.7078	NaN	42.3422	44.2239	33.973	48.4117	52.0056	NaN	61.1084	79.8988	74.1347
185	59.7835	51.6395	NaN	42.8309	45.26	35.1477	50.6588	52.8734	NaN	65.0437	79.7419	71.4471
186	59.7985	50.8844	NaN	45.9387	47.9153	37.3278	52.0426	53.4816	NaN	59.8452	59.9499	59.9499
187	59.5335	49.5914	NaN	47.1964	49.8097	40.1114	52.4596	53.566	NaN	58.0869	59.2407	59.2407
188	58.454	46.6604	NaN	46.4645	50.7616	44.1235	52.7334	53.1521	NaN	59.4415	60.0663	60.0663
189	55.3166	45.0507	NaN	45.4757	50.2571	48.1356	53.7308	53.4083	NaN	61.4706	62.0302	62.0302
190	50.261	43.8308	NaN	46.3063	49.5087	52.3424	54.6834	55.307	NaN	64.4593	64.3929	64.3929
191	48.3747	42.5571	NaN	44.3084	46.9044	53.0324	53.5563	54.4977	NaN	62.7625	63.8021	63.8021
192	46.3165	37.8668	NaN	39.4254	41.9719	51.4295	50.2511	51.1175	NaN	55.6206	60.6875	60.6875
193	44.9933	35.2452	NaN	37.7361	41.5735	50.328	48.6116	48.5616	NaN	51.6997	60.035	60.035
194	43.7475	32.3934	NaN	40.0264	42.9554	50.0386	48.1337	47.2177	NaN	48.8352	60.6444	60.6444
195	42.9979	32.2022	NaN	41.5091	44.393	51.2283	47.7324	46.6269	NaN	48.0972	61.09	61.09
196	42.1014	31.8384	NaN	41.3367	45.8307	50.0607	46.9519	46.5875	NaN	46.0401	59.6358	59.6358
197	41.5702	31.8753	NaN	41.7339	46.4989	48.3409	46.1715	46.5809	NaN	44.8797	57.9985	57.9985
198	41.1698	33.1355	NaN	43.173	47.1544	47.2041	45.5449	46.5743	NaN	44.5377	55.523	57.4101
199	41.4725	33.9081	NaN	43.5427	47.8099	47.1787	45.9216	46.7945	NaN	46.9553	53.3185	58.5955
200	41.87	34.5753	NaN	43.4992	49.5387	48.4371	46.3533	47.3515	NaN	50.4491	52.504	53.3806
201	42.1168	34.3285	NaN	42.948	51.5913	49.3608	46.7937	47.5983	NaN	53.771	51.9997	50.0188
202	42.1057	33.9713	NaN	41.8878	52.4363	50.1168	47.2341	47.4643	NaN	56.3592	51.5338	47.3685
203	41.8922	34.1453	NaN	40.8276	53.2712	51.2654	48.149	47.3302	NaN	59.7606	51.9106	45.9963
204	42.3264	35.4216	NaN	40.5059	54.8195	52.5066	48.642	47.293	NaN	63.9977	52.1756	45.2737
205	43.1636	36.0073	NaN	40.8214	56.3936	53.7531	49.1217	47.6697	NaN	64.4685	52.2962	45.8605
206	44.8504	39.023	NaN	42.2251	58.4203	55.1568	49.6015	48.0464	NaN	65.4533	53.5283	47.6905
207	47.6045	42.6084	NaN	44.3351	61.3853	57.5073	51.097	48.731	NaN	66.5742	55.3285	50.1135
208	50.8034	48.5412	NaN	48.7304	67.7183	61.951	53.1568	51.6194	NaN	70.7127	58.8715	53.241
210	46.6839	45.8349	NaN	46.7162	65.7308	60.059	47.7706	48.8111	NaN	66.252	54.9022	50.1114
211	43.9744	41.8514	NaN	45.91	62.3024	55.6366	42.6346	45.6976	NaN	54.8975	48.0228	46.4019
212	42.733	38.9595	NaN	47.7048	59.4756	51.6422	41.8378	44.9281	NaN	44.9214	45.1641	46.9043
213	42.5841	38.115	NaN	49.7027	58.5573	48.2031	41.9359	45.4251	NaN	39.9098	46.187	47.7243
214	43.6305	37.1802	NaN	50.7789	57.2099	46.4348	42.2957	46.2157	NaN	40.3991	49.321	50.652
215	45.1245	36.7963	NaN	51.6212	57.0557	46.1364	42.9041	47.3836	NaN	42.0069	54.2346	56.1258
216	46.6185	40.8345	NaN	52.1808	61.452	46.3837	43.4378	48.7276	NaN	44.2823	64.181	64.181
217	47.3626	44.1859	NaN	52.9894	62.5823	46.6992	44.8092	49.8686	NaN	46.8236	65.865	60.0269
218	47.2984	46.6452	NaN	53.1789	60.9776	46.2631	45.4212	50.4356	NaN	49.2532	67.1653	57.4838
219	46.4716	46.7433	NaN	53.701	56.5779	45.3065	45.462	50.7965	NaN	50.9923	68.4655	57.95
220	44.2443	45.1429	NaN	54.7111	54.5333	44.0494	45.3202	51.4929	NaN	52.9131	67.1637	67.1637
221	41.5336	44.1959	NaN	54.2364	53.5289	43.7351	45.1784	52.3445	NaN	54.5747	65.7214	65.7214
222	38.823	41.4377	NaN	53.4556	51.6392	43.2644	46.1019	54.0521	NaN	55.5181	62.1932	62.1932
223	36.1749	39.1514	NaN	50.299	49.1576	41.6887	43.188	46.8416	NaN	56.1524	57.9011	57.9011
224	34.08	36.5028	NaN	48.6384	47.1627	40.223	41.7923	47.8227	NaN	56.1122	58.0106	58.0106
225	32.8299	34.3038	NaN	47.0967	45.2809	41.9536	41.8748	50.4905	NaN	55.806	58.138	58.138
226	33.4243	34.5805	NaN	45.5549	43.8138	41.8367	42.4006	54.2605	NaN	54.9742	57.2425	57.2425
227	36.4265	34.3445	NaN	44.4538	43.3758	41.144	41.0737	57.6284	NaN	54.4755	55.8271	55.8271
228	42.2905	33.3585	NaN	43.5582	42.8942	41.0656	39.9958	56.8969	NaN	53.7875	54.4116	54.4116
229	51.4586	29.6051	NaN	42.6627	41.3097	39.7716	38.5692	55.6787	NaN	51.4696	54.1708	54.1708
230	48.6027	24.2512	NaN	40.5406	38.6634	38.5285	34.1483	NaN	30.6558	49.1242	52.4416	52.4416
231	47.4813	23.287	NaN	37.8174	37.1121	36.9036	32.8334	NaN	31.9947	46.7624	50.7124	50.7124
232	46.3545	22.9727	NaN	35.2185	36.7696	34.3099	33.5726	NaN	34.8254	45.469	49.9	49.9
233	45.4196	21.6124	NaN	34.2614	38.4835	31.7161	34.0238	NaN	38.012	44.2823	46.7852	46.7852
234	44.9503	20.4793	NaN	34.6734	44.4118	29.8165	33.8866	NaN	39.8291	43.134	45.1132	45.1132
235	44.0185	20.5077	NaN	35.3778	44.7493	28.925	32.6943	NaN	39.0795	42.7105	44.4263	44.4263
236	42.2195	20.7542	NaN	35.5213	45.2382	28.2969	32.0636	NaN	38.585	42.9301	44.8409	44.8409
237	42.2391	21.5504	NaN	35.2071	46.3742	27.7176	32.7088	NaN	37.9148	44.1261	46.3103	46.3103
238	44.0345	22.7222	NaN	35.6539	47.9132	27.3919	34.3635	NaN	37.1491	45.2706	48.4678	48.4678
239	45.8516	23.0918	NaN	36.1964	49.0871	28.0292	35.1356	NaN	37.9095	46.0301	49.2765	49.2765
240	46.818	23.6788	NaN	36.5484	49.8196	28.7095	35.0032	NaN	38.5499	46.7896	50.1487	50.1487
241	47.7055	24.5639	NaN	36.3633	50.3383	28.6397	35.1051	NaN	38.4543	NaN	51.1526	51.1526
242	48.6184	26.256	NaN	36.5864	50.638	27.6257	35.3029	NaN	38.3587	NaN	53.0996	53.0996
243	49.9969	26.9969	NaN	37.6599	50.3238	28.0424	35.8216	NaN	39.3482	NaN	54.6057	54.6057
244	51.514	28.4091	NaN	38.5304	47.0709	29.2083	36.3404	NaN	41.8057	NaN	54.616	54.616
245	52.3311	31.3262	NaN	39.2157	46.4838	28.4582	37.4138	NaN	44.6218	NaN	53.5821	53.5821
246	53.8862	34.2603	NaN	39.2419	45.8967	26.9086	38.6268	NaN	48.2756	NaN	55.1035	55.1035
247	55.5103	37.3794	NaN	39.073	44.3936	26.1785	38.988	NaN	50.7429	NaN	56.1534	56.1534
248	57.0647	38.6667	NaN	38.9041	42.8334	26.9129	37.9811	NaN	52.4199	NaN	56.1793	56.1793
249	58.113	38.8672	NaN	38.7352	41.4262	27.45	36.7569	NaN	53.3786	NaN	56.287	46.3236
250	59.3259	39.8455	NaN	38.5662	41.0261	29.7684	35.633	NaN	56.4128	NaN	56.9935	45.9146
251	60.4317	38.1569	NaN	39.3951	40.6261	31.1682	34.6773	NaN	57.5612	NaN	56.1782	45.8181
252	60.9284	34.7408	NaN	45.2245	40.255	33.2294	33.9107	NaN	56.8708	NaN	53.6551	45.2742
